# NLO BK equation solver 0.0-dev build  (build Jun 14 2022 16:41:01)
# Initial condition: MV model, Q_s0^2 = 0.165 GeV^2, \gamma = 1.135, coefficient of E inside Log is 1, x0=0.01, \Lambda_QCD = 0.241 GeV
# # LO Kernel RC:  Balitsky. NLO Kernel RC:  smallest dipole
# Nc=3, Nf=3
# Using RungeKutta method in K1
# BK K1 integration relative accuracy: 0.01# Not including K2 and Kf
# Kinematical constraint: none
# Target kinematical constraint: disabled

###1.000000000000000e-06
###1.187876286287484e+00
###100
###1.000000000000000e-02
###0.000000000000000e+00
1.182294412596512e-14
1.727912011803168e-14
2.524997170492592e-14
3.689284393721652e-14
5.389692343162383e-14
7.871481244592360e-14
1.150191053511662e-13
1.678657213233237e-13
2.451372438372346e-13
3.578248808366880e-13
5.223599330861362e-13
7.622791287076325e-13
1.112332448371944e-12
1.622701972792129e-12
2.366884466198371e-12
3.451794405862074e-12
5.032974037533222e-12
7.337019880537810e-12
1.069389021779443e-11
1.558342344054608e-11
2.270394983128199e-11
3.307087936832431e-11
4.816103071902944e-11
7.012079805690519e-11
1.020697970588458e-10
1.485399581113711e-10
2.161133494382739e-10
3.143467708355274e-10
4.571109046835886e-10
6.645316519282574e-10
9.658002175783054e-10
1.403240967867703e-09
2.038196500464551e-09
2.959539280311674e-09
4.295972688694860e-09
6.233803584443365e-09
9.042603554831885e-09
1.311224029354463e-08
1.900628732176557e-08
2.753900640861673e-08
3.988623675788006e-08
5.774501776745211e-08
8.356319891600350e-08
1.208694772047991e-07
1.747474169810914e-07
2.525157025701219e-07
3.647035029530343e-07
5.264476925503914e-07
7.594924541498571e-07
1.095048044352787e-06
1.577873478209035e-06
2.272100497413554e-06
3.269531516525426e-06
4.701447502308831e-06
6.755388006318697e-06
9.698963506887814e-06
1.391359720159802e-05
1.994226241086583e-05
2.855691089820311e-05
4.085355266669755e-05
5.838609049046983e-05
8.335436302486787e-05
1.188678608365912e-04
1.693148682798684e-04
2.408781967971896e-04
3.422543713510473e-04
4.856547037518366e-04
6.881963271756497e-04
9.738319991861033e-04
1.376023475131660e-03
1.941440228870661e-03
2.735070994620004e-03
3.847280210138138e-03
5.403537632918232e-03
7.577811176543325e-03
1.061095147862345e-02
1.483580888611846e-02
2.071126626959896e-02
2.886770464820676e-02
4.016629200015731e-02
5.577311624869108e-02
7.724496565548011e-02
1.066134543506083e-01
1.464330237947206e-01
1.997188436032363e-01
2.696369755041910e-01
3.587313643689917e-01
4.674442773921778e-01
5.918939936875605e-01
7.216463540321858e-01
8.396980898772616e-01
9.278438433161021e-01
9.773303249051999e-01
9.957899210523217e-01
9.996379623077701e-01
9.999899344958718e-01
9.999999466796911e-01
9.999999999753022e-01
9.999999999999997e-01
1.000000000000000e+00
###4.000000000000000e-01
3.288232711461039e-14
4.724272761836833e-14
6.785613905422642e-14
9.736926880064670e-14
1.398849053284346e-13
2.005892805994052e-13
2.877548888487246e-13
4.126991944916691e-13
5.921388937634745e-13
8.496105006633478e-13
1.219335805682541e-12
1.749944916312322e-12
2.511972009875679e-12
3.605737969165274e-12
5.176637999832879e-12
7.432500173627530e-12
1.067111250206904e-11
1.532398376807054e-11
2.200603611260510e-11
3.160342460726458e-11
4.538645955749886e-11
6.518524179704957e-11
9.362145315825556e-11
1.344643440958970e-10
1.931235180183401e-10
2.773688942160336e-10
3.983708516111743e-10
5.721182343882327e-10
8.215936454048289e-10
1.179864326416599e-09
1.694240229357257e-09
2.432726419314382e-09
3.492660513817566e-09
5.013913731476147e-09
7.196750643369544e-09
1.032834823429837e-08
1.481868391986252e-08
2.126532613593881e-08
3.050401524059857e-08
4.374840679330643e-08
6.272918389636222e-08
8.992709618087622e-08
1.288729804220228e-07
1.846351982352992e-07
2.644471876378425e-07
3.786435985723417e-07
5.419698255152334e-07
7.754260676179881e-07
1.109021993460886e-06
1.585238857103518e-06
2.265103285837184e-06
3.234560731098999e-06
4.616901436637221e-06
6.585858976216932e-06
9.389229042515229e-06
1.337643759794927e-05
1.904244062191987e-05
2.708695499865589e-05
3.850307061104671e-05
5.467628106808268e-05
7.758429930010223e-05
1.099634607981626e-04
1.557171690366970e-04
2.202691678990180e-04
3.111805491529761e-04
4.391262467794768e-04
6.188139763300826e-04
8.709513133536851e-04
1.224057670621747e-03
1.717543138071564e-03
2.406304590092548e-03
3.366047543222529e-03
4.700278157289012e-03
6.553329012878854e-03
9.118804730878716e-03
1.266632255789383e-02
1.755927393675532e-02
2.429255284768187e-02
3.353538468848236e-02
4.617335426174732e-02
6.338846169861853e-02
8.671459140768641e-02
1.180888517174418e-01
1.598409050305228e-01
2.145962434951895e-01
2.849129169586112e-01
3.725144307699113e-01
4.770229767488230e-01
5.942108797780368e-01
7.145732943955835e-01
8.239213082254087e-01
9.080643606087112e-01
9.605601401155156e-01
9.864718850332655e-01
9.963989554128962e-01
9.992731273790728e-01
9.998932781778094e-01
9.999891006725805e-01
9.999992863292275e-01
9.999999774985339e-01
###8.000000000000000e-01
6.313215691624230e-14
9.023714211763309e-14
1.289205992045933e-13
1.840309896678181e-13
2.626536334298396e-13
3.741024116368791e-13
5.329874792434856e-13
7.593087143731457e-13
1.081995613328063e-12
1.541862135819762e-12
2.197657472736418e-12
3.132316616981206e-12
4.465370353275620e-12
6.365287310310082e-12
9.075379842783839e-12
1.294001132712224e-11
1.844893093283619e-11
2.630969139497029e-11
3.751970633229254e-11
5.350873828774329e-11
7.630928560712106e-11
1.088364120047452e-10
1.552280117029464e-10
2.213980514579214e-10
3.157723200227824e-10
4.503728823192005e-10
6.423780653492085e-10
9.161613496925637e-10
1.306554045313620e-09
1.863415863006959e-09
2.657456759246278e-09
3.789765558191537e-09
5.403855014513681e-09
7.704854336915109e-09
1.098420941673506e-08
1.565733208977177e-08
2.231171125007327e-08
3.180825645035484e-08
4.532361082607845e-08
6.457255946461874e-08
9.197876861190172e-08
1.309987175279534e-07
1.865049897048366e-07
2.654715606663275e-07
3.777714232594081e-07
5.374469204737737e-07
7.644136200272359e-07
1.086746423781454e-06
1.544522497881864e-06
2.193862321947473e-06
3.115324233992240e-06
4.421152594820300e-06
6.271761762290190e-06
8.891921565642173e-06
1.260020290428544e-05
1.784276184283684e-05
2.524723394488454e-05
3.569728317883340e-05
5.044188104942846e-05
7.120173576869555e-05
1.004415589621624e-04
1.415210809445253e-04
1.992190770693584e-04
2.801543748416998e-04
3.934387108280585e-04
5.519445938035855e-04
7.731584720165066e-04
1.081727366266370e-03
1.511164399185673e-03
2.107263881525296e-03
2.933927153462241e-03
4.078044093994993e-03
5.657016129678940e-03
7.834614821409146e-03
1.082462427857487e-02
1.492538866468935e-02
2.053037582809655e-02
2.816888546879221e-02
3.854564338000121e-02
5.256670341858103e-02
7.142338333053549e-02
9.661999996359227e-02
1.299955781110323e-01
1.736654834390138e-01
2.298994842592195e-01
3.007299716267495e-01
3.871970084668621e-01
4.883134481192083e-01
5.996659042651673e-01
7.125926149672356e-01
8.150859855491968e-01
8.957574602756424e-01
9.494925587061452e-01
9.795730852885112e-01
9.933787147879644e-01
9.983350711743112e-01
9.996876497418788e-01
9.999583588704818e-01
9.999962771215927e-01
9.999998264227845e-01
###1.200000000000000e+00
1.051082280092358e-13
1.498495071643132e-13
2.134992813061139e-13
3.039117924816286e-13
4.321922415801078e-13
6.131766577409001e-13
8.701211583348312e-13
1.234731360563508e-12
1.752379245587224e-12
2.487052505208859e-12
3.530386103484458e-12
5.011087113724406e-12
7.114069874677488e-12
1.009832022804004e-11
1.433694529888328e-11
2.035495283859894e-11
2.889672425650707e-11
4.102926795961375e-11
5.825590624036593e-11
8.271616000826700e-11
1.174394509249647e-10
1.667529603255408e-10
2.367639019428518e-10
3.361633840805459e-10
4.772789144464379e-10
6.776060812887809e-10
9.620491735267687e-10
1.365717769620502e-09
1.938583502889653e-09
2.751923106593119e-09
3.906170275341902e-09
5.544346033830396e-09
7.868273479473813e-09
1.116526079930812e-08
1.584138663872123e-08
2.247248695842553e-08
3.186749749623317e-08
4.521641965970247e-08
6.411740405104239e-08
9.090580075507337e-08
1.288599130136463e-07
1.826361396048902e-07
2.587498321425242e-07
3.665033874765731e-07
5.189831295083758e-07
7.347314284411188e-07
1.039916071343809e-06
1.471132992399503e-06
2.080551756444040e-06
2.940600671045116e-06
4.155140091422882e-06
5.867609990567491e-06
8.282422790787971e-06
1.168447910140665e-05
1.647532819444134e-05
2.321430300126943e-05
3.268337132984959e-05
4.597958793778358e-05
6.464442813082273e-05
9.079442426018053e-05
1.274346685947406e-04
1.786460878524250e-04
2.501906648464088e-04
3.500348636048028e-04
4.890502142336589e-04
6.824792500931539e-04
9.509595327867564e-04
1.323398296243166e-03
1.838723398569265e-03
2.549771812704039e-03
3.529909011643368e-03
4.877927508683168e-03
6.725857907232883e-03
9.257360863968028e-03
1.270702928937108e-02
1.740188351477822e-02
2.376496090312151e-02
3.235841629761780e-02
4.391939005247716e-02
5.937058981179693e-02
7.990683256056234e-02
1.069997836164188e-01
1.423797196473540e-01
1.879651929088258e-01
2.456971771528538e-01
3.171461909017390e-01
4.027863344647320e-01
5.011602048080571e-01
6.077715135054670e-01
7.146896796593973e-01
8.115917774694397e-01
8.890753395050126e-01
9.428399262226137e-01
9.749754308640860e-01
9.910431578779780e-01
9.974632176764532e-01
9.994524233976594e-01
9.999141108139339e-01
9.999907390003604e-01
9.999994741864382e-01
###1.600000000000000e+00
1.618639436668343e-13
2.304011389973221e-13
3.276887855803872e-13
4.655891470419940e-13
6.605160796220256e-13
9.345511940292748e-13
1.322453052551141e-12
1.871368118120401e-12
2.648398888438973e-12
3.747931852097350e-12
5.304804037133081e-12
7.507601419531049e-12
1.062669662054784e-11
1.503915722287347e-11
2.128689213986527e-11
3.012948881446500e-11
4.264094668185152e-11
6.035344229186186e-11
8.542352416957851e-11
1.209006938548502e-10
1.710976365654351e-10
2.421500062060578e-10
3.426809389558220e-10
4.849211156386318e-10
6.861658762242092e-10
9.708510815657434e-10
1.373667206813172e-09
1.943272875282381e-09
2.748711223048560e-09
3.888191373218350e-09
5.499392148300243e-09
7.777773944062926e-09
1.099784236451162e-08
1.554893925473830e-08
2.197991120458505e-08
3.106462944561131e-08
4.388464748880325e-08
6.203689361142313e-08
8.763485683767287e-08
1.237739116122124e-07
1.747751706788145e-07
2.467553775711669e-07
3.482211190004948e-07
4.912919794564386e-07
6.929288740138872e-07
9.770853495073622e-07
1.377422381904966e-06
1.940709215527557e-06
2.733518029877392e-06
3.847616100739071e-06
5.414440185394507e-06
7.613955806317101e-06
1.070293457019663e-05
1.503586872221510e-05
2.111156088729987e-05
2.962044261436715e-05
4.152306253536372e-05
5.816227308208096e-05
8.141539838553485e-05
1.138508593910477e-04
1.590874478790790e-04
2.220222884676202e-04
3.095252756026911e-04
4.310737980024652e-04
5.994936594428856e-04
8.326500138185090e-04
1.154652546340097e-03
1.599028588228142e-03
2.210458695283241e-03
3.049916989992775e-03
4.200250332284418e-03
5.773040973743948e-03
7.915863597068876e-03
1.083218157884928e-02
1.477851274127401e-02
2.011035543415188e-02
2.727975651140532e-02
3.688032395008859e-02
4.967834250750369e-02
6.660979606226547e-02
8.886759544230854e-02
1.178854615202561e-01
1.552830291126092e-01
2.027897888746714e-01
2.620431141479810e-01
3.342035606599093e-01
4.192691346848169e-01
5.154115491332522e-01
6.181087472816404e-01
7.200493271996736e-01
8.122119871223989e-01
8.866402734494978e-01
9.395761348582338e-01
9.723613571170926e-01
9.895198237724930e-01
9.968088933896074e-01
9.992479946844171e-01
9.998689956747162e-01
9.999840191606286e-01
9.999989758310935e-01
###2.000000000000000e+00
2.370602267180399e-13
3.370742574761695e-13
4.787908314006534e-13
6.793232195333858e-13
9.619943488879838e-13
1.358206594834609e-12
1.917772456900409e-12
2.707873870441765e-12
3.823775118399046e-12
5.399148780212570e-12
7.624625125325199e-12
1.076588838382601e-11
1.520303540989401e-11
2.146532321021606e-11
3.031034101226675e-11
4.279779389625032e-11
6.042197720974315e-11
8.530853034754672e-11
1.204439865518081e-10
1.700315488019223e-10
2.400091633693556e-10
3.387984749664866e-10
4.781938931418887e-10
6.748729000827462e-10
9.523905608799670e-10
1.343855902826116e-09
1.896206064852382e-09
2.674992328865994e-09
3.773043756124719e-09
5.321894294072701e-09
7.505505812182664e-09
1.058413356792109e-08
1.492189073701650e-08
2.103362797327793e-08
2.964359284577981e-08
4.176793085077698e-08
5.882096917182908e-08
8.289703092111456e-08
1.167340368336673e-07
1.643494236449681e-07
2.313251171871933e-07
3.255393171724269e-07
4.578914382852633e-07
6.438807815090934e-07
9.051017085304869e-07
1.271962387965508e-06
1.787034473688007e-06
2.509140902194362e-06
3.521882186184777e-06
4.939795145459966e-06
6.926727151178184e-06
9.705383191770684e-06
1.359363088479346e-05
1.902644034009579e-05
2.661667085977571e-05
3.720469535534259e-05
5.195684677556820e-05
7.249758253895012e-05
1.010877507817296e-04
1.408085833095895e-04
1.959741995470799e-04
2.723994826370692e-04
3.781975049550123e-04
5.245299335867311e-04
7.263882743154605e-04
1.004534634305616e-03
1.386877931307124e-03
1.911836258677522e-03
2.630871699094547e-03
3.612904963259395e-03
4.951363719385484e-03
6.771206604482479e-03
9.236203467973120e-03
1.257021685433903e-02
1.705226666446020e-02
2.306610538213106e-02
3.109227464186756e-02
4.175480506878172e-02
5.584478087896658e-02
7.430924074657237e-02
9.833372658060512e-02
1.293085934261618e-01
1.687422998411606e-01
2.181801863738921e-01
2.789771344911375e-01
3.519253923673605e-01
4.366151021670843e-01
5.309174237535546e-01
6.303133833326017e-01
7.280062332412490e-01
8.159945260395117e-01
8.874006006164006e-01
9.388828798718303e-01
9.713549196591768e-01
9.887609669054320e-01
9.964217248542250e-01
9.991085363061775e-01
9.998337464184827e-01
9.999779843666833e-01
9.999984836143500e-01
###2.400000000000000e+00
3.350820416780627e-13
4.760423448320934e-13
6.755056032873867e-13
9.573466354893182e-13
1.353725257938604e-12
1.907898808016358e-12
2.689086076815057e-12
3.790097460081132e-12
5.342177311529089e-12
7.529318404168441e-12
1.061252122089276e-11
1.495611854335568e-11
2.107980942345769e-11
2.970402257848361e-11
4.186081045583536e-11
5.898820886204186e-11
8.311006761313028e-11
1.170990574572976e-10
1.649841197078916e-10
2.324143863790819e-10
3.273614289489545e-10
4.611034191387245e-10
6.493870678179708e-10
9.144213196759962e-10
1.287542195603776e-09
1.812601671023854e-09
2.551693713606467e-09
3.591216166129491e-09
5.053548723010139e-09
7.110477294765439e-09
1.000348218370164e-08
1.407192664188168e-08
1.978935970844810e-08
2.782365541171530e-08
3.911242198215834e-08
5.496702134646802e-08
7.720065624136439e-08
1.085140695607220e-07
1.523944582043006e-07
2.139687498436504e-07
3.003311677892371e-07
4.214680593816355e-07
5.911326182551637e-07
8.288486963284746e-07
1.161711617930090e-06
1.627774397247946e-06
2.280085796336715e-06
3.191796437384481e-06
4.466368275597434e-06
6.245024118729925e-06
8.729471986667398e-06
1.219212225179516e-05
1.702173357475321e-05
2.374635889358883e-05
3.311024015911732e-05
4.612596297173409e-05
6.419523933151396e-05
8.926359315622531e-05
1.240277231128805e-04
1.721483402266910e-04
2.387236988916645e-04
3.305966167512500e-04
4.572691185983245e-04
6.317566164632292e-04
8.714941245290975e-04
1.200380150175721e-03
1.650485586495766e-03
2.265564518288259e-03
3.104351952597960e-03
4.244304271534707e-03
5.790084816430455e-03
7.880731216082298e-03
1.069688447598312e-02
1.448296669781511e-02
1.954212748753099e-02
2.628511459249979e-02
3.522067899663263e-02
4.700161402749248e-02
6.244126496318235e-02
8.249365178243338e-02
1.083322011103221e-01
1.412987143284817e-01
1.827892267679456e-01
2.341686452465214e-01
2.965261152520249e-01
3.703185158956487e-01
4.547796121631191e-01
5.475295095667851e-01
6.440636669890434e-01
7.380114209445079e-01
8.221847575777765e-01
8.905403895509696e-01
9.401047821405907e-01
9.715907503949510e-01
9.886435165668510e-01
9.962890282240854e-01
9.990438287386220e-01
9.998139286425893e-01
9.999740265824767e-01
9.999981387514362e-01
###2.800000000000000e+00
4.610978762461204e-13
6.546277235867119e-13
9.281461771631826e-13
1.314150446349983e-12
1.855958111768963e-12
2.611738750122401e-12
3.675410228027372e-12
5.172184565061067e-12
7.278723141536791e-12
1.024242374356437e-11
1.441294099415684e-11
2.027847133706674e-11
2.853384910477796e-11
4.013936865401676e-11
5.647014082761945e-11
7.943680658001612e-11
1.117233936125308e-10
1.571330254588136e-10
2.209903850160161e-10
3.107383879058816e-10
4.368678214043961e-10
6.141909430187903e-10
8.633325751028611e-10
1.213318930612199e-09
1.705059650248878e-09
2.395597572235396e-09
3.365611514759147e-09
4.726996339268726e-09
6.638215823445226e-09
9.320183126372957e-09
1.308421154093137e-08
1.836586834853968e-08
2.577121921408365e-08
3.615320182538407e-08
5.070692223631417e-08
7.109914820914383e-08
9.962209950335276e-08
1.397056089053382e-07
1.957310664980308e-07
2.741508221396311e-07
3.838603671464384e-07
5.373518370092769e-07
7.517593291179827e-07
1.051367726921589e-06
1.469761546930088e-06
2.053991523805239e-06
2.869412216004971e-06
4.005919027155047e-06
5.590188285194653e-06
7.794481525925419e-06
1.086449103733194e-05
1.513012410861866e-05
2.106198071982938e-05
2.929521045369919e-05
4.072469892803573e-05
5.655985495121614e-05
7.847040480273609e-05
1.087663238738914e-04
1.506374773225664e-04
2.083953999289357e-04
2.880232755295635e-04
3.975067929217091e-04
5.478952350896865e-04
7.542550151140289e-04
1.036716648094965e-03
1.422613252855288e-03
1.948547278201979e-03
2.664203290152459e-03
3.635700041829865e-03
4.950059414899389e-03
6.723689743313281e-03
9.110429265528044e-03
1.230857318660028e-02
1.658331345834522e-02
2.226260052676351e-02
2.978401754349152e-02
3.968371866934600e-02
5.264154660072449e-02
6.949044564956794e-02
9.118728982465883e-02
1.188885730375148e-01
1.538823563601394e-01
1.974501969277138e-01
2.507789275448142e-01
3.147048453935694e-01
3.893752229176750e-01
4.737060051415410e-01
5.651036002955766e-01
6.590773850016226e-01
7.496142290057999e-01
8.301787222738877e-01
8.954197352044021e-01
9.427135406285607e-01
9.727411949248114e-01
9.890195957938694e-01
9.963665587095411e-01
9.990471460696136e-01
9.998101474062853e-01
9.999726764223587e-01
9.999980113798224e-01
###3.200000000000000e+00
6.212462058373626e-13
8.814600433534056e-13
1.248873529712687e-12
1.766834842097561e-12
2.492571196020960e-12
3.502845698119832e-12
4.922675694554167e-12
6.917813236975311e-12
9.721666167382143e-12
1.366037307829436e-11
1.919528460350514e-11
2.696746948298779e-11
3.788920433661907e-11
5.322054796559057e-11
7.475959491113818e-11
1.050025914300918e-10
1.474489574809990e-10
2.070501965111851e-10
2.907272522200607e-10
4.081279831975091e-10
5.728391373724315e-10
8.040053518451409e-10
1.128222215327762e-09
1.582847665019135e-09
2.220467890892411e-09
3.114210666308846e-09
4.367339551733970e-09
6.122698855070139e-09
8.582479705848934e-09
1.202724443142661e-08
1.685197722929530e-08
2.360887653258053e-08
3.306314076564231e-08
4.628993101284690e-08
6.479295548905232e-08
9.066394403278403e-08
1.267664783618780e-07
1.774010960374910e-07
2.480096247990846e-07
3.466174608381685e-07
4.842524442277214e-07
6.763668925925282e-07
9.440765549935936e-07
1.317265717243642e-06
1.837130150374064e-06
2.561252217925173e-06
3.569422224226379e-06
4.970814765731413e-06
6.919283741796603e-06
9.622950659945244e-06
1.337835062859060e-05
1.858158189876757e-05
2.579729237448761e-05
3.578327272633679e-05
4.960640695132677e-05
6.870006285307850e-05
9.503788315079101e-05
1.313418890636149e-04
1.813576922255252e-04
2.501200906660276e-04
3.446227455151705e-04
4.741022877067665e-04
6.513306526003254e-04
8.936401339335822e-04
1.224115417343385e-03
1.673849510375886e-03
2.284364605303503e-03
3.111775208253799e-03
4.230015691671687e-03
5.736499072082824e-03
7.759899531823012e-03
1.046961742925195e-02
1.408221206065090e-02
1.888412270043793e-02
2.522880068698386e-02
3.358002843814932e-02
4.450062355130292e-02
5.869566391798185e-02
7.701485704741129e-02
1.004136590778595e-01
1.300266288467057e-01
1.670827117469429e-01
2.127460709252960e-01
2.680264242215146e-01
3.335167530394380e-01
4.090745154686681e-01
4.933272083487093e-01
5.834923668851220e-01
6.750931623668832e-01
7.624203119006125e-01
8.394850108978058e-01
9.015278927173626e-01
9.462843897273502e-01
9.745258050633235e-01
9.897451586383585e-01
9.965987915505858e-01
9.991032973296095e-01
9.998197360943372e-01
9.999737098724698e-01
9.999980927176138e-01
###3.600000000000000e+00
8.227402737881723e-13
1.166700304114634e-12
1.652026683026098e-12
2.335497778706952e-12
3.291610816609266e-12
4.620081971434127e-12
6.484736226716789e-12
9.101543225018396e-12
1.277433813903832e-11
1.792650108472547e-11
2.515747970862734e-11
3.529685362054348e-11
4.952482804660497e-11
6.947081973153851e-11
9.745225201025733e-11
1.366842833516858e-10
1.916657001959349e-10
2.687535758082733e-10
3.768194123713142e-10
5.282033974873815e-10
7.402650524878088e-10
1.037416674056943e-09
1.453513378599195e-09
2.036027667857173e-09
2.851631872627416e-09
3.993020130309574e-09
5.590646331237641e-09
7.824662666970829e-09
1.094977201061561e-08
1.531856758562657e-08
2.142605858919357e-08
2.996424706058595e-08
4.188841982703158e-08
5.853888199343588e-08
8.178694385680450e-08
1.142293885838442e-07
1.594141570139055e-07
2.226543061514058e-07
3.106632810341425e-07
4.333155053273758e-07
6.041490006123454e-07
8.420940728803466e-07
1.172930489554782e-06
1.633093261433307e-06
2.272659539232987e-06
3.161476746579930e-06
4.396101500057947e-06
6.108046247654546e-06
8.482581050905915e-06
1.176915114122418e-05
1.632279846102204e-05
2.261548605815228e-05
3.131948359793077e-05
4.333242629312866e-05
5.991681380540865e-05
8.275982997111786e-05
1.141784465145671e-04
1.573588310316425e-04
2.166705985267303e-04
2.979578934880221e-04
4.093389671480953e-04
5.614396602884411e-04
7.689356098032492e-04
1.051654357637345e-03
1.435911389758006e-03
1.956901606111592e-03
2.661475932831195e-03
3.612673870694691e-03
4.892827443153615e-03
6.610346646976421e-03
8.906886605772799e-03
1.196811767224199e-02
1.602941863145409e-02
2.139927594675819e-02
2.845641922619711e-02
3.769087227992901e-02
4.969099279736965e-02
6.518512626922635e-02
8.503668574283542e-02
1.101952098723929e-01
1.417680381934025e-01
1.809192948822915e-01
2.286919616406573e-01
2.859182287020390e-01
3.529544980644430e-01
4.293835184091130e-01
5.135670325267844e-01
6.025520865579160e-01
6.918775781325021e-01
7.760950306630238e-01
8.496975971791448e-01
9.084564567346861e-01
9.501455941799869e-01
9.767363361965157e-01
9.906895176891692e-01
9.969316980517930e-01
9.991933078219032e-01
9.998386480260628e-01
9.999763584398202e-01
9.999984234040462e-01
###4.000000000000000e+00
1.074038903347858e-12
1.522316633984435e-12
2.154390382445350e-12
3.043676204780677e-12
4.285906623717396e-12
6.008907478821282e-12
8.424518305302408e-12
1.181049260195172e-11
1.655726481587295e-11
2.320749912820688e-11
3.252944728739676e-11
4.558521977134223e-11
6.388107615033946e-11
8.949792183612862e-11
1.253873994809764e-10
1.756400650592728e-10
2.459750977435879e-10
3.444449921401726e-10
4.822995466601077e-10
6.751446076332910e-10
9.449092155093407e-10
1.322342195904100e-09
1.850093668836879e-09
2.587814491987175e-09
3.619131240924769e-09
5.060243089486816e-09
7.074212684114176e-09
9.885938558908189e-09
1.381287133463470e-08
1.929369931528676e-08
2.694260794268100e-08
3.761779827550805e-08
5.250118887021535e-08
7.324682556470801e-08
1.021617597647242e-07
1.424399961777378e-07
1.984622600636064e-07
2.766577263599711e-07
3.853103444231031e-07
5.364409103635502e-07
7.465245603057229e-07
1.038545978143157e-06
1.443764565724277e-06
2.006197620841791e-06
2.786252319071578e-06
3.867994351283861e-06
5.367367299420284e-06
7.441649105499570e-06
1.031227278942070e-05
1.427610314085432e-05
1.975523244098638e-05
2.730822657788565e-05
3.773003594708369e-05
5.207713844106729e-05
7.183370823263029e-05
9.897352958205323e-05
1.362000809254446e-04
1.872205941477060e-04
2.571030336324615e-04
3.525941106553416e-04
4.830604242211120e-04
6.606653238358162e-04
9.021824244336579e-04
1.230178355721307e-03
1.674496123289590e-03
2.274790047678053e-03
3.083670007995732e-03
4.171571715592552e-03
5.629959707642644e-03
7.578730468554179e-03
1.017328033040537e-02
1.361625239238539e-02
1.816223139026097e-02
2.414255794265125e-02
3.196165247187742e-02
4.213468499532699e-02
5.527464316219683e-02
7.213093435011682e-02
9.357400677534429e-02
1.205528768954145e-01
1.541319521180707e-01
1.954075828950260e-01
2.452970150247620e-01
3.044532622684578e-01
3.730006385742047e-01
4.502586260066047e-01
5.343417816543542e-01
6.221415979232150e-01
7.092202584960143e-01
7.903500952233273e-01
8.604806450078708e-01
9.158614769175578e-01
9.548506215153373e-01
9.791017336941683e-01
9.917533215247517e-01
9.973135356683007e-01
9.993038071538655e-01
9.998621161845940e-01
9.999801753851518e-01
9.999985786812217e-01
###4.399999999999999e+00
1.385021800979605e-12
1.962296503095252e-12
2.775573312395300e-12
3.918844894658482e-12
5.513747189620693e-12
7.722297231608440e-12
1.081531189486861e-11
1.514602290237359e-11
2.121057031065624e-11
2.969699885934527e-11
4.157988185387934e-11
5.820196943089959e-11
8.146790203218390e-11
1.140055338408002e-10
1.595355599904019e-10
2.232080755241393e-10
3.122180640845412e-10
4.366638173573417e-10
6.106695939592380e-10
8.537631863622310e-10
1.193379289292808e-09
1.667877319074687e-09
2.330457824267298e-09
3.255359628704963e-09
4.546505264578573e-09
6.348160014703730e-09
8.862302458377271e-09
1.236711966779846e-08
1.725469418671776e-08
2.406600818972031e-08
3.355649055086596e-08
4.677977978441236e-08
6.519007799422392e-08
9.080748265342745e-08
1.264532238355831e-07
1.760249289422686e-07
2.448756135895655e-07
3.407563395886278e-07
4.737757092097546e-07
6.584646485948133e-07
9.147243109420040e-07
1.270205996225466e-06
1.762677072902188e-06
2.444806623827114e-06
3.388974604327950e-06
4.695678445059541e-06
6.503182247240836e-06
8.998358060373608e-06
1.244411395016931e-05
1.719150956798946e-05
2.373919455611779e-05
3.274445501129342e-05
4.514090466958019e-05
6.216548765244506e-05
8.555251197758794e-05
1.175982888794147e-04
1.614400088436558e-04
2.213680249544844e-04
3.032294669568806e-04
4.147743970949702e-04
5.667516459096959e-04
7.730209018790348e-04
1.052661784282304e-03
1.431240676744402e-03
1.942439647054013e-03
2.630751252615307e-03
3.554991085114598e-03
4.793321459809827e-03
6.447588049797773e-03
8.649188272187251e-03
1.156817073134172e-02
1.542485028046634e-02
2.049358722110469e-02
2.712899319105585e-02
3.576117119087157e-02
4.692996340942453e-02
6.127154213436054e-02
7.955397223640157e-02
1.026553484818641e-01
1.315062542710875e-01
1.671348609344871e-01
2.105588702831604e-01
2.625643349688251e-01
3.236224074732069e-01
3.936279651603511e-01
4.716465998945064e-01
5.555607362638827e-01
6.421212819192844e-01
7.269168558151103e-01
8.049378905614946e-01
8.715554789135214e-01
9.234930356267397e-01
9.596086573153689e-01
9.815722190994433e-01
9.928534935529899e-01
9.977135938553907e-01
9.994190134127406e-01
9.998873051906682e-01
9.999841520235566e-01
9.999989413865468e-01
###4.800000000000000e+00
1.767200707330872e-12
2.502819058174114e-12
3.538439789728974e-12
4.992961633546860e-12
7.019645509009416e-12
9.821791283945784e-12
1.374220312114419e-11
1.922568141232848e-11
2.689665991876998e-11
3.761924503599931e-11
5.261777185031675e-11
7.357419267229066e-11
1.028743857160102e-10
1.438057496836323e-10
2.010159158690679e-10
2.809299614858223e-10
3.925083081671759e-10
5.483311140609670e-10
7.659458045185727e-10
1.069582640735882e-09
1.493243174400638e-09
2.084445480471219e-09
2.908912690442080e-09
4.058285704234359e-09
5.660647679756281e-09
7.893613773161563e-09
1.100538724127907e-08
1.533720664815761e-08
2.136958598617969e-08
2.976434195171158e-08
4.144359124980530e-08
5.769134384972028e-08
8.028197419016947e-08
1.116656045985633e-07
1.552666557882417e-07
2.158077212573714e-07
2.997799031677368e-07
4.164651465880924e-07
5.781108267772522e-07
8.021631100206072e-07
1.112499481375321e-06
1.542194957985524e-06
2.136495032675567e-06
2.958124524305441e-06
4.093171826539945e-06
5.661097746433328e-06
7.825707796126358e-06
1.080786087395232e-05
1.491775521228945e-05
2.056818836597370e-05
2.834493341603759e-05
3.901804795855829e-05
5.367544201779115e-05
7.376031396446095e-05
1.012877328011168e-04
1.389158152123321e-04
1.902669759593703e-04
2.602822208833834e-04
3.556755291511220e-04
4.853091037560345e-04
6.614585215878603e-04
8.998496822640777e-04
1.222090535777259e-03
1.657024228142393e-03
2.242501803282037e-03
3.028251246095339e-03
4.079760200726166e-03
5.483495572146713e-03
7.352268446078279e-03
9.829685120560951e-03
1.310112252527288e-02
1.740525240929299e-02
2.303673258977274e-02
3.037385299395504e-02
3.987208852436341e-02
5.209548395783468e-02
6.770167398321472e-02
8.747471617823024e-02
1.122960959207495e-01
1.430730422330608e-01
1.807902400896315e-01
2.263799549085914e-01
2.804908308795344e-01
3.434086349921904e-01
4.148002525059234e-01
4.934824035346392e-01
5.771276519179850e-01
6.623535661062475e-01
7.447862863796435e-01
8.196388912600657e-01
8.826886156497900e-01
9.311328510549965e-01
9.642946664886635e-01
9.840134311260751e-01
9.939295272897497e-01
9.981022546262096e-01
9.995298382644474e-01
9.999113533795108e-01
9.999879066451597e-01
9.999992353059812e-01
###5.200000000000000e+00
2.233939832138380e-12
3.162720240068821e-12
4.469404734943712e-12
6.303093711784299e-12
8.855200327559087e-12
1.237867326111644e-11
1.730364203535072e-11
2.418543864263278e-11
3.380323050905656e-11
4.723318764573362e-11
6.600033570824761e-11
9.219432081234376e-11
1.287791762431578e-10
1.798333538461577e-10
2.511156845834538e-10
3.505773344456927e-10
4.892897159337386e-10
6.827973706709628e-10
9.527326108840866e-10
1.328927830976347e-09
1.853197017198587e-09
2.583959514098866e-09
3.601793139382889e-09
5.018975343100231e-09
6.992210107943562e-09
9.738553429251956e-09
1.356081947015250e-08
1.887460567929018e-08
2.626462265790985e-08
3.653481188789236e-08
5.080313390414935e-08
7.062635853038813e-08
9.814635124257019e-08
1.363231184353343e-07
1.892846214880613e-07
2.627116602533857e-07
3.644250283783137e-07
5.054859960627645e-07
7.006180707445440e-07
9.706478434563575e-07
1.344049713699224e-06
1.860167370495388e-06
2.572839394625791e-06
3.556379846007426e-06
4.912588875211291e-06
6.782717302300635e-06
9.359419235516338e-06
1.290308599795057e-05
1.777653652620621e-05
2.446449788853752e-05
3.364994672364400e-05
4.623100049012087e-05
6.346927939069368e-05
8.704036547678206e-05
1.192744122343374e-04
1.632342130685012e-04
2.230835104512105e-04
3.044873165915195e-04
4.151214189124668e-04
5.650773966247717e-04
7.683132269255248e-04
1.042602418076882e-03
1.412318388996376e-03
1.909874908288806e-03
2.577640557415163e-03
3.470994455251854e-03
4.662583100670951e-03
6.247769841699432e-03
8.351045513535167e-03
1.112861508009469e-02
1.478216602331614e-02
1.956928680476517e-02
2.580539525893595e-02
3.389276452640727e-02
4.431183344977768e-02
5.765012813392629e-02
7.458478436770258e-02
9.591279952092528e-02
1.225090706242585e-01
1.552683028135220e-01
1.951079387994763e-01
2.428725674888137e-01
2.990667915866086e-01
3.637868023136710e-01
4.364720788312267e-01
5.156874792419440e-01
5.989410019669681e-01
6.827030999567458e-01
7.626608511705246e-01
8.342615583175331e-01
8.936862524878211e-01
9.386079517296942e-01
9.688028009750977e-01
9.863379509467661e-01
9.949383882684856e-01
9.984605764394443e-01
9.996301344581394e-01
9.999326446024224e-01
9.999911560880222e-01
9.999994728855162e-01
###5.600000000000001e+00
2.800712784932372e-12
3.963802878498177e-12
5.599094021456496e-12
7.892108832917970e-12
1.108005760381823e-11
1.547528450361366e-11
2.161326051181316e-11
3.018212509953823e-11
4.214662441325237e-11
5.883707836130177e-11
8.213868256009166e-11
1.146286329008196e-10
1.599620832151337e-10
2.231616026128003e-10
3.113115607069370e-10
4.341809283747410e-10
6.053530970021598e-10
8.438966186096372e-10
1.176295086097198e-09
1.639023867100419e-09
2.283153236537453e-09
3.180003053598381e-09
4.427707713149853e-09
6.162903319522971e-09
8.576045538144893e-09
1.193063201687501e-08
1.659371428400521e-08
2.306820892947983e-08
3.206107848976938e-08
4.454273475689967e-08
6.186029342230057e-08
8.588960437436035e-08
1.191999274353138e-07
1.653464759326949e-07
2.292752131084840e-07
3.177800208683390e-07
4.402098347743118e-07
6.097271528088971e-07
8.438761611317825e-07
1.167399436640127e-06
1.614066972763414e-06
2.230435594129187e-06
3.080202201607033e-06
4.250966796004722e-06
5.862507352689833e-06
8.081174401733301e-06
1.113184035711077e-05
1.532045413582919e-05
2.106935066226706e-05
2.894481540307215e-05
3.973958446804977e-05
5.449594990376227e-05
7.467132808268122e-05
1.022041099084672e-04
1.397697185812296e-04
1.908899380605391e-04
2.603283392042149e-04
3.545534481262675e-04
4.823055115368852e-04
6.550316045877206e-04
8.885394046045244e-04
1.202843403758937e-03
1.625334907845397e-03
2.192308754153847e-03
2.951020469549355e-03
3.962932381787079e-03
5.308356893579500e-03
7.092159250141214e-03
9.451155278320965e-03
1.255480097785950e-02
1.662179242366735e-02
2.192925507657841e-02
2.881375725191584e-02
3.770174432109533e-02
4.909808207214103e-02
6.361278961780598e-02
8.194026309645115e-02
1.048869786218051e-01
1.333167102461530e-01
1.681045494533397e-01
2.100940440091376e-01
2.600332915768930e-01
3.182759808893121e-01
3.847241215968845e-01
4.585902847403476e-01
5.381995213925217e-01
6.208967247614765e-01
7.030382707985414e-01
7.803792475631831e-01
8.486394644504995e-01
9.043896595108818e-01
9.457874389809592e-01
9.730511656070986e-01
9.884897519252061e-01
9.958529922119437e-01
9.987777915675158e-01
9.997166051761640e-01
9.999504353440036e-01
9.999937811236811e-01
9.999996528720115e-01
###6.000000000000001e+00
3.485387510742800e-12
4.931236557931654e-12
6.962850481143822e-12
9.809459485935687e-12
1.376298213955004e-11
1.920649103245407e-11
2.680193849629898e-11
3.739617400501676e-11
5.217556390642227e-11
7.277355658432802e-11
1.015047525287663e-10
1.415267043650084e-10
1.973169294789765e-10
2.750197125024946e-10
3.832934720888973e-10
5.340628358835999e-10
7.438870531947466e-10
1.036005727304645e-09
1.442638763906781e-09
2.008104795587408e-09
2.794394344126621e-09
3.888029449629955e-09
5.407807375314235e-09
7.518998298953425e-09
1.045169573870226e-08
1.452386243353665e-08
2.017780638772349e-08
2.801857773583822e-08
3.889601142119536e-08
5.397475330209471e-08
7.486901279225258e-08
1.038259262966109e-07
1.439116896898053e-07
1.993720163200095e-07
2.761010756393939e-07
3.821809348099862e-07
5.287229740873363e-07
7.313244556220090e-07
1.010768006618522e-06
1.396304379019621e-06
1.927783707073672e-06
2.659989959648776e-06
3.668029839285598e-06
5.054550283619763e-06
6.959878306754929e-06
9.578841618820736e-06
1.317319713171708e-05
1.810021574725560e-05
2.484978886867251e-05
3.408015901186228e-05
4.670761371781287e-05
6.393684875856813e-05
8.744487561342066e-05
1.194640094678305e-04
1.630534019874655e-04
2.222498882538968e-04
3.024790156158032e-04
4.110999195715101e-04
5.580282110341738e-04
7.562018573020351e-04
1.023457689541283e-03
1.382256962453003e-03
1.863277001933559e-03
2.507022376039214e-03
3.366021979449011e-03
4.508273320131626e-03
6.022279610013654e-03
8.023024981439591e-03
1.066029573157887e-02
1.411749461656725e-02
1.863095177717411e-02
2.449792358287646e-02
3.207643683282661e-02
4.181716807260991e-02
5.424869127749102e-02
7.000233986024540e-02
8.978855657966991e-02
1.144152211016761e-01
1.447361316147051e-01
1.815919595459021e-01
2.257508827241947e-01
2.778537371324739e-01
3.380958205334800e-01
4.061796735307109e-01
4.810944763515723e-01
5.609341704892573e-01
6.428889665248793e-01
7.232321802078557e-01
7.978112527885892e-01
8.626299610168429e-01
9.146710381084124e-01
9.525722929136645e-01
9.769816061103966e-01
9.904356329212676e-01
9.966391167897496e-01
9.990493460382081e-01
9.997882156721901e-01
9.999646144594037e-01
9.999957848669883e-01
9.999997810982533e-01
###6.400000000000001e+00
4.308544594805092e-12
6.094004182972101e-12
8.601357867535127e-12
1.211204780057740e-11
1.698305965252490e-11
2.368131823230001e-11
3.301996293515669e-11
4.603466667906859e-11
6.417530532549455e-11
8.943531234909072e-11
1.246390308395529e-10
1.736319037378405e-10
2.418658290563109e-10
3.368122281764685e-10
4.689909262878306e-10
6.528722611121901e-10
9.085264464346076e-10
1.264110077762518e-09
1.758598460734651e-09
2.445533855363998e-09
3.399739108465593e-09
4.725581166202121e-09
6.566081411800918e-09
9.120041222002127e-09
1.266392748508466e-08
1.757933854366435e-08
2.439641842526256e-08
3.383924254166786e-08
4.692400677306377e-08
6.504117059601692e-08
9.011514061705258e-08
1.248236089410347e-07
1.728084680989644e-07
2.391138145331667e-07
3.307292027075342e-07
4.572225049767164e-07
6.317341860108195e-07
8.726642129082566e-07
1.204510545139711e-06
1.661694221680645e-06
2.291024370274518e-06
3.156693444780132e-06
4.346810453598482e-06
5.981172996329434e-06
8.223467271159431e-06
1.130050715407295e-05
1.551686008004521e-05
2.128675586347077e-05
2.917675189028543e-05
3.994884626281004e-05
5.465665513269708e-05
7.468954331605004e-05
1.019684444667226e-04
1.390537867541625e-04
1.894270050644169e-04
2.577132623780505e-04
3.500544555939943e-04
4.747982735030118e-04
6.431557083881316e-04
8.697006091677421e-04
1.174491069962715e-03
1.582653686061348e-03
2.128436040414432e-03
2.856899733942705e-03
3.826249828926032e-03
5.111490897978459e-03
6.809858237317335e-03
9.047081904644549e-03
1.198658073024766e-02
1.582637553313330e-02
2.082103860741354e-02
2.728849269731488e-02
3.560843387344809e-02
4.625568026761497e-02
5.978157628747176e-02
7.683740758576688e-02
9.814658909462012e-02
1.245141490639428e-01
1.567784769493728e-01
1.957374979115677e-01
2.420764810627628e-01
2.963198922434384e-01
3.584970162046121e-01
4.281042009099091e-01
5.039169755922636e-01
5.838023713953870e-01
6.648105264555841e-01
7.431633745555711e-01
8.148344664460825e-01
8.761128482666128e-01
9.244284533263795e-01
9.588919979821081e-01
9.805573788657374e-01
9.921593526867426e-01
9.973441850232698e-01
9.992741672857151e-01
9.998454746905722e-01
9.999754092683035e-01
9.999972502144417e-01
9.999998573509431e-01
###6.800000000000002e+00
5.293832432730277e-12
7.485400321359880e-12
1.056133671938953e-11
1.486519150120825e-11
2.083101838221287e-11
2.902477182543461e-11
4.043953921637873e-11
5.633472744752425e-11
7.847226524431895e-11
1.092713789951235e-10
1.521591141968163e-10
2.117930419719205e-10
2.947750204927286e-10
4.101405859742785e-10
5.706021937325490e-10
7.936250962757440e-10
1.103406017563685e-09
1.533876154894143e-09
2.131936518427477e-09
2.961936244104711e-09
4.113721890808856e-09
5.712531705490030e-09
7.929683530502284e-09
1.100310506491624e-08
1.526332415525066e-08
2.116603021836061e-08
2.934353080153022e-08
4.065813384283671e-08
5.631909018526441e-08
7.797851302058271e-08
1.079198548633294e-07
1.493184924557850e-07
2.064810189070620e-07
2.853717652089566e-07
3.942416662075358e-07
5.443669445047095e-07
7.512171004264631e-07
1.036407998788860e-06
1.428687729783746e-06
1.968389120891271e-06
2.710263042903564e-06
3.729228365308135e-06
5.128173528049461e-06
7.046385421872292e-06
9.674029884074400e-06
1.327414844347294e-05
1.819963840601377e-05
2.492895831119079e-05
3.411501326262915e-05
4.663601320973085e-05
6.370025304150695e-05
8.690270002997091e-05
1.184372307179456e-04
1.612289275052066e-04
2.192298793544646e-04
2.977142177281324e-04
4.036174376502905e-04
5.463759159740915e-04
7.386244785728027e-04
9.967560563309524e-04
1.343171226836567e-03
1.805977576637153e-03
2.423265496858693e-03
3.245021733363730e-03
4.335541636479465e-03
5.777332368087934e-03
7.676915928756779e-03
1.017140337262606e-02
1.343851922136684e-02
1.769154456125329e-02
2.320387455075255e-02
3.031456389364477e-02
3.942507514570914e-02
5.103411259476318e-02
6.571478533557490e-02
8.413619183789303e-02
1.070314729388464e-01
1.351987119675229e-01
1.694541368717889e-01
2.105445895388384e-01
2.590642471246753e-01
3.154120131035566e-01
3.794437401062096e-01
4.504463814295432e-01
5.269841386417949e-01
6.067111706762510e-01
6.865541604613139e-01
7.627163210286674e-01
8.313256549958797e-01
8.889875851741359e-01
9.335854764489401e-01
9.647002349032523e-01
9.837601386001013e-01
9.936584918173351e-01
9.979321641900113e-01
9.994571754406105e-01
9.998898367586400e-01
9.999834178079757e-01
9.999982573110832e-01
9.999999216668412e-01
###7.200000000000002e+00
6.468363032821204e-12
9.143586118420319e-12
1.289631941155507e-11
1.814370370907984e-11
2.541072371072154e-11
3.537986325985561e-11
4.925754311279916e-11
6.856727889982821e-11
9.543914670421274e-11
1.327941163280956e-10
1.847692101101247e-10
2.569772821899002e-10
3.573724782524649e-10
4.968268878094180e-10
6.906265818868283e-10
9.597476587855304e-10
1.333219598510080e-09
1.851731663358604e-09
2.571451123586053e-09
3.569345450553883e-09
4.952790013759229e-09
6.871351700670433e-09
9.529290232305820e-09
1.321003677659142e-08
1.830693342567830e-08
2.536165288150535e-08
3.512494510575483e-08
4.861914397662345e-08
6.727682071603148e-08
9.305232284604951e-08
1.286433866756896e-07
1.777989348379499e-07
2.455906260998096e-07
3.390403510211584e-07
4.678472441264234e-07
6.452459676797690e-07
8.893717620948246e-07
1.225519485205342e-06
1.687285838709025e-06
2.321744218848522e-06
3.192683961870229e-06
4.387218029966198e-06
6.024993271155214e-06
8.267381115867747e-06
1.133448724088867e-05
1.553027502412753e-05
2.126207299962682e-05
2.908058308129784e-05
3.973570040893833e-05
5.423582973795913e-05
7.396209544094923e-05
1.007388926829268e-04
1.370642917795204e-04
1.862679231471664e-04
2.528249644147933e-04
3.427242731964748e-04
4.637781622351570e-04
6.266199702060609e-04
8.454453998822324e-04
1.138637920284297e-03
1.531144215941875e-03
2.054313200803979e-03
2.750388446056322e-03
3.674667454399453e-03
4.897976312832589e-03
6.510826941124040e-03
8.629599324677478e-03
1.140342614933043e-02
1.502501504321995e-02
1.972351805898908e-02
2.579169286890780e-02
3.359011029928361e-02
4.354196641662635e-02
5.616941039934321e-02
7.206599924802966e-02
9.191635105128676e-02
1.164595462472809e-01
1.464820696071034e-01
1.827708500884799e-01
2.260129626146377e-01
2.767028156740884e-01
3.351045849814381e-01
4.008936865410872e-01
4.731460909345943e-01
5.502168086019070e-01
6.295649698621707e-01
7.080140324884892e-01
7.817827148288665e-01
8.471852850926690e-01
9.011728589698699e-01
9.420881096723299e-01
9.699702315971973e-01
9.865865911572880e-01
9.949394741371569e-01
9.984145379250718e-01
9.996019058378168e-01
9.999232634527826e-01
9.999891246894389e-01
9.999989310922763e-01
9.999999566636598e-01
###7.600000000000002e+00
7.863152248088295e-12
1.111220652890324e-11
1.566751931823347e-11
2.203308664872925e-11
3.084081814033069e-11
4.290985804196327e-11
5.969859752400788e-11
8.304122961977827e-11
1.155006251135906e-10
1.605869434804689e-10
2.232706508418086e-10
3.102844199715374e-10
4.311670935358488e-10
5.989401275627080e-10
8.319000939641173e-10
1.155125097597365e-09
1.603323282696682e-09
2.224954528919953e-09
3.087095497534263e-09
4.281364120056165e-09
5.935520367756761e-09
8.227400632557685e-09
1.139949327943887e-08
1.578798455894554e-08
2.185897516120327e-08
3.025361687003946e-08
4.185955694820075e-08
5.788382860592296e-08
8.001656311747383e-08
1.105601885391500e-07
1.526890631079931e-07
2.108111925553315e-07
2.908762501655845e-07
4.011181246796465e-07
5.528939775264077e-07
7.616773892919802e-07
1.048646531709755e-06
1.443293289262661e-06
1.984731379803234e-06
2.727699331128968e-06
3.746246479411695e-06
5.141311413796497e-06
7.051498195977264e-06
9.663039889919739e-06
1.323010811864522e-05
1.810247900898734e-05
2.474874135422136e-05
3.380066164777342e-05
4.611681669584542e-05
6.285105437126614e-05
8.557763666240911e-05
1.163755652689147e-04
1.580817967931580e-04
2.144737409668377e-04
2.906061883885521e-04
3.932545966282668e-04
5.311967642598267e-04
7.163795904976044e-04
9.647073278236087e-04
1.296730361195294e-03
1.740174758402580e-03
2.329888185828681e-03
3.112603982542514e-03
4.149329643712968e-03
5.517881132163408e-03
7.317292202234417e-03
9.674383271980044e-03
1.275095179363378e-02
1.675536436510501e-02
2.193321543432228e-02
2.859711360572095e-02
3.712943455281090e-02
4.797492684409081e-02
6.167853585123968e-02
7.885265246787052e-02
1.001948284550260e-01
1.264458397788455e-01
1.583753396008245e-01
1.967334200171676e-01
2.421383798971029e-01
2.949758286434157e-01
3.553662259995030e-01
4.227981749563900e-01
4.961363045850964e-01
5.735312361667773e-01
6.522665761810129e-01
7.290869533384488e-01
8.002626626759874e-01
8.623278386538453e-01
9.126060566355451e-01
9.499022899325658e-01
9.746947350448047e-01
9.890456968250977e-01
9.960158205253219e-01
9.988033236017740e-01
9.997135648163448e-01
9.999477558538115e-01
9.999930578899657e-01
9.999993654610999e-01
9.999999767379605e-01
###8.000000000000002e+00
9.513609023181892e-12
1.344107586736317e-11
1.894468288499345e-11
2.663085956407321e-11
3.725657459437657e-11
5.180076956165961e-11
7.201846635699798e-11
1.001080945453096e-10
1.391396436222376e-10
1.933128918025979e-10
2.685735192660419e-10
3.729626619385687e-10
5.178702240211418e-10
7.188252855651613e-10
9.976347287259989e-10
1.384154554887956e-09
1.919706423191891e-09
2.661771208420774e-09
3.690109000687455e-09
5.113340136989451e-09
7.082857456986649e-09
9.809247245313278e-09
1.357923050122682e-08
1.878997649088259e-08
2.599161813818251e-08
3.594006784519611e-08
4.968074884888514e-08
6.863326877120228e-08
9.478397422810944e-08
1.308350633298016e-07
1.805077220580363e-07
2.489652924947903e-07
3.431623243073776e-07
4.727180427476611e-07
6.508828467286819e-07
8.956831925719878e-07
1.231761911676426e-06
1.693386341315915e-06
2.325932294196741e-06
3.192832958732527e-06
4.379755716010851e-06
6.003275342768600e-06
8.223391330022012e-06
1.125435623262650e-05
1.538871103179597e-05
2.102769543295510e-05
2.870859249272863e-05
3.915392706560075e-05
5.334377521137303e-05
7.259409550088825e-05
9.869534145352091e-05
1.340061784770972e-04
1.817424418882707e-04
2.461755738607206e-04
3.330009356103089e-04
4.498583532092609e-04
6.065866542727470e-04
8.165709375907782e-04
1.097582558783297e-03
1.472563172765715e-03
1.972154141463682e-03
2.635084952984114e-03
3.512895435811177e-03
4.672718123874422e-03
6.199839966277792e-03
8.202341401467366e-03
1.081807608793185e-02
1.422214822049131e-02
1.863925091299362e-02
2.433194594966145e-02
3.163311771741949e-02
4.094712558076462e-02
5.273992315558072e-02
6.757837456660425e-02
8.609179553301399e-02
1.089876901432945e-01
1.370038813238202e-01
1.708873783151921e-01
2.113435002358573e-01
2.589125505346181e-01
3.138693441684920e-01
3.761599999888376e-01
4.451025877859960e-01
5.193447213043080e-01
5.968400703635773e-01
6.747184934992005e-01
7.496739047235230e-01
8.180657543753284e-01
8.766821644435790e-01
9.232423887193458e-01
9.570117785636376e-01
9.788802922759080e-01
9.911557817975598e-01
9.969056356870156e-01
9.991110894348996e-01
9.997978099272580e-01
9.999652321246182e-01
9.999956857182640e-01
9.999996352652682e-01
9.999999879177772e-01
###8.400000000000002e+00
1.146007660582764e-11
1.618693567630757e-11
2.280695198848056e-11
3.204801957054831e-11
4.481189292670513e-11
6.226410428782184e-11
8.650780289225070e-11
1.201670965741840e-10
1.669043499351756e-10
2.317240171989836e-10
3.217094408881104e-10
4.464259714681784e-10
6.194191228007833e-10
8.591351060792064e-10
1.191461467058085e-09
1.651803004496522e-09
2.289152493455800e-09
3.171455199761250e-09
4.393160430530750e-09
6.082560736705563e-09
8.418373972718347e-09
1.164902020968999e-08
1.611225707603500e-08
2.227555344731795e-08
3.078582904631815e-08
4.253102331760209e-08
5.873791057383474e-08
8.107010165070410e-08
1.118537123293109e-07
1.542488743813918e-07
2.126025142905826e-07
2.929414125667525e-07
4.033672175903205e-07
5.550786720907048e-07
7.634825868633452e-07
1.049509081491665e-06
1.441736301067725e-06
1.979851756349659e-06
2.716322400636420e-06
3.724420489314912e-06
5.102938648752270e-06
6.986093722605927e-06
9.557980345795606e-06
1.306437694887754e-05
1.784088149413020e-05
2.434647871157570e-05
3.319530062907796e-05
4.521126362599859e-05
6.150997374177781e-05
8.358773442842091e-05
1.134752659451628e-04
1.538413174508827e-04
2.083208714510253e-04
2.817306087474385e-04
3.804721684512644e-04
5.131338172713614e-04
6.907177325804995e-04
9.281808388697324e-04
1.245331357507758e-03
1.667706529362464e-03
2.229106703705444e-03
2.972445057649601e-03
3.954370817645748e-03
5.248771015227795e-03
6.948699602887462e-03
9.171888550883540e-03
1.206782225193306e-02
1.582554802381657e-02
2.068673758063681e-02
2.693139016951333e-02
3.491301428219899e-02
4.505800651439736e-02
5.785299254991694e-02
7.388562747609606e-02
9.379992253926941e-02
1.183099403428910e-01
1.481454741104754e-01
1.840245247742893e-01
2.265993215096976e-01
2.763227836599053e-01
3.333491186179907e-01
3.974431685595392e-01
4.677467812260805e-01
5.426943796625201e-01
6.200534835474811e-01
6.968242023943789e-01
7.696813387745050e-01
8.351120225976603e-01
8.901916678142945e-01
9.330538163110927e-01
9.634160398200975e-01
9.825453492217455e-01
9.929418785242977e-01
9.976296058643420e-01
9.993503208187851e-01
9.998599937208700e-01
9.999773837742049e-01
9.999973895393067e-01
9.999997969317738e-01
9.999999939321719e-01
###8.800000000000002e+00
1.374843429687273e-11
1.941430088186941e-11
2.734507775083841e-11
3.841071006161260e-11
5.368156206248562e-11
7.453993795937214e-11
1.034963099054983e-10
1.436708227050728e-10
1.994157820358078e-10
2.766718821910852e-10
3.838457420872652e-10
5.322732610745736e-10
7.380031976025921e-10
1.022865301805181e-09
1.417477901598255e-09
1.963671822746225e-09
2.719313792862638e-09
3.764449548679002e-09
5.210505773357258e-09
7.208464558029346e-09
9.968556181060448e-09
1.378279155129304e-08
1.904766011135861e-08
2.631145863766675e-08
3.633229004170816e-08
5.014960773512746e-08
6.919808947438222e-08
9.542072227659019e-08
1.315323708887152e-07
1.812164260589571e-07
2.495340894568382e-07
3.434967628502800e-07
4.725123486710644e-07
6.495762695882386e-07
8.925455905448475e-07
1.225645430037134e-06
1.681913536802333e-06
2.307174976053837e-06
3.161908700924330e-06
4.330495967693616e-06
5.926524528994555e-06
8.104071936878164e-06
1.107431195879604e-05
1.511841298969748e-05
2.062019565417593e-05
2.810329179285690e-05
3.826783154336932e-05
5.205017857431787e-05
7.071739302364600e-05
9.596561282613206e-05
1.300927073830502e-04
1.761098710561269e-04
2.381151335938855e-04
3.215258127715767e-04
4.335205672663439e-04
5.837268014567709e-04
7.844194382507135e-04
1.052270205721600e-03
1.409304368496705e-03
1.883866536735898e-03
2.513191064772641e-03
3.344674930044257e-03
4.440456408629615e-03
5.881656500201692e-03
7.769574858797956e-03
1.023215167944106e-02
1.343110223044981e-02
1.757004281048686e-02
2.290825245126684e-02
2.974357389115320e-02
3.845039768805612e-02
4.947706938298738e-02
6.333014839157255e-02
8.061668041315352e-02
1.019927985766691e-01
1.281753007847224e-01
1.598804285252482e-01
1.977902820850301e-01
2.424953262084701e-01
2.943515409214845e-01
3.533817096924281e-01
4.191668200288949e-01
4.906648377755178e-01
5.661039864334215e-01
6.430797855834337e-01
7.184887576385420e-01
7.890208701003889e-01
8.513297380025810e-01
9.027954918236351e-01
9.411304712276972e-01
9.690681905023207e-01
9.857065270323045e-01
9.944254458809025e-01
9.982082021706744e-01
9.995322733272124e-01
9.999049218733079e-01
9.999855872891837e-01
9.999984692089050e-01
9.999998880064095e-01
9.999999988577425e-01
###9.200000000000003e+00
1.643076344167471e-11
2.319639109063332e-11
3.266159849830643e-11
4.586198879206362e-11
6.406372135403150e-11
8.890027970485714e-11
1.233573370204136e-10
1.711314723789825e-10
2.373763558688346e-10
3.291190215459542e-10
4.563010702396938e-10
6.323095545697229e-10
8.760924326343770e-10
1.213393312027852e-09
1.680300675506160e-09
2.326067659118653e-09
3.218799887559403e-09
4.452502954648882e-09
6.158161691656964e-09
8.512874966661949e-09
1.176311753056010e-08
1.625099784955397e-08
2.244042371606990e-08
3.097239489080403e-08
4.273242354208423e-08
5.893340786816826e-08
8.124780068341140e-08
1.119376975978312e-07
1.541616941252561e-07
2.121996770381205e-07
2.919262797406841e-07
4.014731213900566e-07
5.517321645500983e-07
7.577378888284286e-07
1.040125317690262e-06
1.426850218861114e-06
1.955993054245780e-06
2.680313363896093e-06
3.669323240508824e-06
5.019919884622975e-06
6.862333301263997e-06
9.372951929279192e-06
1.279332139480841e-05
1.744425257231613e-05
2.376347138727122e-05
3.234683865340946e-05
4.399123656073266e-05
5.975534327490455e-05
8.107724888744709e-05
1.098726491538803e-04
1.487382621319319e-04
2.010603501799508e-04
2.714483084395070e-04
3.659799489864939e-04
4.926870372441234e-04
6.623336729296501e-04
8.885843960244850e-04
1.189978409976504e-03
1.590949222604415e-03
2.122823344691225e-03
2.826709933532261e-03
3.754654768043019e-03
4.974743002558245e-03
6.575785469520246e-03
8.667821127602487e-03
1.138966024403234e-02
1.491573686594964e-02
1.946488017321272e-02
2.531457770603252e-02
3.278084552975567e-02
4.225910950376865e-02
5.421941891021392e-02
6.918729743568823e-02
8.778749334340524e-02
1.106853353394527e-01
1.385960453910624e-01
1.722163861983975e-01
2.121851662930440e-01
2.590221084412202e-01
3.129766037334951e-01
3.739295700533417e-01
4.412767361170502e-01
5.137861993456704e-01
5.894894116938080e-01
6.658270462087826e-01
7.396217741439924e-01
8.076149964749053e-01
8.666649599956902e-01
9.144909952896771e-01
9.496084663076578e-01
9.740810982901658e-01
9.884102905255493e-01
9.956497647447180e-01
9.986638468282008e-01
9.996687798204221e-01
9.999366062891005e-01
9.999910300912671e-01
9.999991220766594e-01
9.999999411084490e-01
9.999999993033678e-01
###9.600000000000003e+00
1.956608555286817e-11
2.761616027214724e-11
3.887265153656545e-11
5.456382949116564e-11
7.618261328803867e-11
1.056527975386899e-10
1.465129332425845e-10
2.031277252153987e-10
2.815791879113721e-10
3.901516004308866e-10
5.405625801897997e-10
7.485691791380492e-10
1.036468664291580e-09
1.434520709149548e-09
1.985122709678695e-09
2.746079925769955e-09
3.797282106276053e-09
5.248799385736614e-09
7.254094362229380e-09
1.002025389064412e-08
1.383533948879621e-08
1.909889752240766e-08
2.635204178072821e-08
3.634184469864654e-08
5.009948020017415e-08
6.903593668005887e-08
9.509497949779759e-08
1.309023662768492e-07
1.801220345003424e-07
2.477123316547756e-07
3.404721928893998e-07
4.678048937543572e-07
6.422847906195704e-07
8.812554986621194e-07
1.208494792086968e-06
1.656173340862736e-06
2.268061756944381e-06
3.104737913106224e-06
4.245877542964321e-06
5.802450034892678e-06
7.923367575804679e-06
1.081003115426611e-05
1.473798572948189e-05
2.007235748012586e-05
2.731101879364488e-05
3.713036900823986e-05
5.043478801228720e-05
6.841908895613941e-05
9.271067560870231e-05
1.254684409704201e-04
1.696189238887573e-04
2.289622049318804e-04
3.086701306579909e-04
4.155455552308613e-04
5.585550628704522e-04
7.497042213763728e-04
1.004171810522600e-03
1.342527229204058e-03
1.791814727403303e-03
2.386574938458738e-03
3.172115103686252e-03
4.205442660154222e-03
5.561013746985603e-03
7.335812728443889e-03
9.648975586087648e-03
1.265125033585119e-02
1.652988162975805e-02
2.151965093450384e-02
2.791682782666334e-02
3.605584113877046e-02
4.635318588937772e-02
5.930019962256575e-02
7.544013590500190e-02
9.541346243328520e-02
1.198913709531303e-01
1.495827914634137e-01
1.851585860617158e-01
2.272064445838652e-01
2.761661581861404e-01
3.321708993804322e-01
3.949488126743367e-01
4.637134413732938e-01
5.370361507877871e-01
6.127643464848713e-01
6.882045506086751e-01
7.601484064207500e-01
8.253949538752796e-01
8.810751880283928e-01
9.252693322384457e-01
9.571357644401265e-01
9.784234052590409e-01
9.907048728057976e-01
9.966483692543804e-01
9.990183551695022e-01
9.997694138197759e-01
9.999585827342432e-01
9.999945385927398e-01
9.999995127721116e-01
9.999999689777873e-01
1.000000000934045e+00
###1.000000000000000e+01
2.322117268482171e-11
3.276743617860850e-11
4.610956012944400e-11
6.469932046698758e-11
9.029160442341468e-11
1.251449157033864e-10
1.734394337497440e-10
2.403123221690966e-10
3.329183819357306e-10
4.609933555390477e-10
6.383049264419475e-10
8.833413157107753e-10
1.222260311655870e-09
1.690519865773996e-09
2.337776763707910e-09
3.231664533772249e-09
4.465607874443583e-09
6.168115840131774e-09
8.518426753270146e-09
1.175798034497042e-08
1.622244536540440e-08
2.237707214853590e-08
3.085118947017540e-08
4.251296854470012e-08
5.855974160028641e-08
8.062823563042926e-08
1.109711176156304e-07
1.526276823179710e-07
2.098361332647060e-07
2.883248584913966e-07
3.959408307268639e-07
5.435279190436449e-07
7.455636668976846e-07
1.022001319511366e-06
1.400166809774094e-06
1.916983160362444e-06
2.622628851308715e-06
3.586478856625980e-06
4.899622173994137e-06
6.688819140075160e-06
9.123913536437019e-06
1.243429341337492e-05
1.693349309565065e-05
2.303608126670117e-05
3.130692068842422e-05
4.251203898172415e-05
5.767507282246805e-05
7.814199353883692e-05
1.057494656592081e-04
1.429252203370046e-04
1.929592690834693e-04
2.601073126774985e-04
3.501588422071770e-04
4.707112407682022e-04
6.317535543676184e-04
8.466451378263604e-04
1.132211741835785e-03
1.511226092905250e-03
2.013557878233988e-03
2.677217144942197e-03
3.552017130723314e-03
4.700284313135430e-03
6.203273709795894e-03
8.166638837835758e-03
1.071916917683370e-02
1.402406966941378e-02
1.828203036505566e-02
2.374531412317723e-02
3.072646054076886e-02
3.958146656083435e-02
5.074681923522263e-02
6.473450994948524e-02
8.210405490245568e-02
1.035092928380074e-01
1.296235524932348e-01
1.611443110279068e-01
1.987096601451525e-01
2.428479679278703e-01
2.939097510048138e-01
3.519025629645852e-01
4.163942888152227e-01
4.864129018884144e-01
5.603364772141997e-01
6.358412478209560e-01
7.101236308842984e-01
7.799762744671366e-01
8.423004160914958e-01
8.945278664068853e-01
9.351232528741836e-01
9.637871721454777e-01
9.822873091280117e-01
9.926214518405637e-01
9.974513485464248e-01
9.992891541016753e-01
9.998424088079867e-01
9.999734421511421e-01
9.999967694569629e-01
9.999997316444551e-01
9.999999858271145e-01
9.999999999192645e-01
###1.040000000000000e+01
2.747144595848823e-11
3.875617657806278e-11
5.452058317950226e-11
7.647509318990729e-11
1.066765144822607e-10
1.477683498657451e-10
2.046736029708690e-10
2.834203991613520e-10
3.924003342007717e-10
5.430209086228501e-10
7.514102617584421e-10
1.039197982401669e-09
1.436980213105663e-09
1.986185093735489e-09
2.744802993440650e-09
3.791737849642761e-09
5.235925655754654e-09
7.226990753962071e-09
9.973664997942613e-09
1.375665434900759e-08
1.896600788908568e-08
2.614197260245782e-08
3.601445413062403e-08
4.958958190063792e-08
6.825382469061898e-08
9.390061418645841e-08
1.291335801047117e-07
1.774612962475471e-07
2.437732127454511e-07
3.346699173271366e-07
4.591843131324979e-07
6.297889712617210e-07
8.631100877951669e-07
1.182044336141387e-06
1.617915662350468e-06
2.212995023878827e-06
3.024663187586400e-06
4.132174483083091e-06
5.639410293185546e-06
7.690817659256825e-06
1.047964838994947e-05
1.426654790848345e-05
1.940742216594405e-05
2.637190036128777e-05
3.579932909932640e-05
4.855529457426351e-05
6.579553554215076e-05
8.903349741904469e-05
1.203368264620463e-04
1.624298725455442e-04
2.190026189878916e-04
2.948114285593566e-04
3.963229698611470e-04
5.320038455845997e-04
7.129594377599196e-04
9.540230787178255e-04
1.273808645041649e-03
1.697476071961414e-03
2.257947703780112e-03
2.996971105365950e-03
3.969189284243688e-03
5.242618093797892e-03
6.905753424194415e-03
9.073429713523222e-03
1.188464495721595e-02
1.551559082977351e-02
2.018101199987756e-02
2.615097832474566e-02
3.375486788013338e-02
4.337084270542445e-02
5.545428947453281e-02
7.053733869998913e-02
8.919402344965423e-02
1.120888517957582e-01
1.398931510665917e-01
1.732873325729440e-01
2.128694383676977e-01
2.590999828417297e-01
3.122308304863388e-01
3.721349239108128e-01
4.382138801845217e-01
5.093069231353378e-01
5.836062731839480e-01
6.586324324770900e-01
7.314985725510718e-01
7.990310187454444e-01
8.582812623764150e-01
9.070030826234657e-01
9.440609026341825e-01
9.696304429960771e-01
9.855928436799869e-01
9.942096073086240e-01
9.980871280543304e-01
9.994932801736477e-01
9.998941856725997e-01
9.999833370802957e-01
9.999981305835453e-01
9.999998576172374e-01
9.999999933844043e-01
9.999999999118256e-01
###1.080000000000000e+01
3.240196427762823e-11
4.570185292634287e-11
6.427284185377795e-11
9.012403735301506e-11
1.256592809698892e-10
1.739640956438562e-10
2.408193869038599e-10
3.332786411938783e-10
4.611570069793480e-10
6.377805681649025e-10
8.819922419625921e-10
1.219024872482817e-09
1.684567201333587e-09
2.326888579949611e-09
3.213525334200792e-09
4.436279294985556e-09
6.121821865635300e-09
8.443907642293642e-09
1.164494496375586e-08
1.605042777978927e-08
2.211239252544032e-08
3.045651264626433e-08
4.192715512623210e-08
5.768721498225772e-08
7.933809501892582e-08
1.090645323967394e-07
1.498681101207294e-07
2.057888822077150e-07
2.824533898945349e-07
3.874482049524353e-07
5.311455945940974e-07
7.278559663591963e-07
9.966266532771218e-07
1.363667990307714e-06
1.864800364325870e-06
2.548301691678143e-06
3.479633040530853e-06
4.749123031543972e-06
6.474965058801705e-06
8.821381392149127e-06
1.200775372208346e-05
1.632957540826720e-05
2.218993001820680e-05
3.011965419216091e-05
4.084077106555431e-05
5.532925132380366e-05
7.488527108379731e-05
1.012125104839062e-04
1.366281649568612e-04
1.841849186686804e-04
2.480122360716388e-04
3.334156513799191e-04
4.476031116839130e-04
5.999905935092720e-04
8.029002159514417e-04
1.072767668030137e-03
1.430144844348294e-03
1.902773739176302e-03
2.526869412379769e-03
3.348197961649827e-03
4.426571527569491e-03
5.836078173142890e-03
7.672909704573678e-03
1.006160704443706e-02
1.315192789420002e-02
1.713358438466682e-02
2.223594540312983e-02
2.874723712613398e-02
3.701432456086835e-02
4.743722795547665e-02
6.048986456968942e-02
7.672343427912405e-02
9.672444038106093e-02
1.211649915475400e-01
1.507098353072915e-01
1.860163215930162e-01
2.276347255381163e-01
2.759489517054510e-01
3.311029209458013e-01
3.928265857504980e-01
4.603519247482464e-01
5.323237524630164e-01
6.067628660488338e-01
6.810512749772603e-01
7.522483028258216e-01
8.172489990433724e-01
8.732987495500769e-01
9.184934579616892e-01
9.521033472376191e-01
9.747266995407908e-01
9.883907545611290e-01
9.955077423539761e-01
9.985832603837637e-01
9.996437951075419e-01
9.999302605217516e-01
9.999897640810107e-01
9.999989458355578e-01
9.999999261012009e-01
9.999999971800155e-01
9.999999999137793e-01
###1.120000000000000e+01
3.810851324174957e-11
5.373897392998010e-11
7.555444041008515e-11
1.059081128148419e-10
1.476019901825971e-10
2.042278585417698e-10
2.825553304232546e-10
3.908155848032662e-10
5.404572328846209e-10
7.470068020394831e-10
1.032419797842700e-09
1.426054905701107e-09
1.969431644473359e-09
2.718641646349502e-09
3.752133709243506e-09
5.176440803005199e-09
7.138470223147669e-09
9.839495752160397e-09
1.356030178999941e-08
1.867736543646681e-08
2.571324096966451e-08
3.539071578198570e-08
4.868412988789577e-08
6.693426625727663e-08
9.198620436712866e-08
1.263546479713473e-07
1.734915508454299e-07
2.380377513311947e-07
3.264524667701748e-07
4.474347962060360e-07
6.128668439967549e-07
8.391290214700197e-07
1.147991834537549e-06
1.569389328397244e-06
2.144189779489879e-06
2.927406241153662e-06
3.993549104895058e-06
5.445338770533686e-06
7.416953394492118e-06
1.009468611778521e-05
1.372703794865447e-05
1.864828624190707e-05
2.531395539700516e-05
3.432288217189715e-05
4.648848178687878e-05
6.290912231434632e-05
8.504428006170032e-05
1.148080978732236e-04
1.547919399753819e-04
2.084095808836463e-04
2.802726705114603e-04
3.762880919047773e-04
5.044739872317861e-04
6.752815941556132e-04
9.023569962071345e-04
1.203875128991643e-03
1.602484887169506e-03
2.128716213254465e-03
2.822330216199083e-03
3.733405468577888e-03
4.927277902636528e-03
6.484502595000314e-03
8.509434280925484e-03
1.113685747933687e-02
1.452789380795139e-02
1.888613103324604e-02
2.445626712509715e-02
3.154498794161429e-02
4.051710119508110e-02
5.179402373538533e-02
6.586778086496878e-02
8.330724475979850e-02
1.047090418208116e-01
1.307494246365497e-01
1.620815782432714e-01
1.993333111440261e-01
2.429991383518997e-01
2.933774257490608e-01
3.504950785125693e-01
4.139314478180127e-01
4.827443058841067e-01
5.553884368587034e-01
6.297226248264400e-01
7.030132400246861e-01
7.722975067353923e-01
8.345754594156020e-01
8.873258266841711e-01
9.290036730612391e-01
9.592825006302222e-01
9.791362260254565e-01
9.907348018758166e-01
9.965549096288955e-01
9.989647740596728e-01
9.997542041402361e-01
9.999548334829582e-01
9.999938536732325e-01
9.999994173354542e-01
9.999999635999308e-01
9.999999985896803e-01
1.000000000075643e+00
###1.160000000000000e+01
4.469880918551953e-11
6.301876533428408e-11
8.857680400194112e-11
1.241216870202204e-10
1.729113181293009e-10
2.391161091451883e-10
3.306427623292940e-10
4.570720998187280e-10
6.317233746967400e-10
8.726424086532979e-10
1.205349195963188e-09
1.663905265024084e-09
2.296503831638091e-09
3.168161971782722e-09
4.369775780780376e-09
6.024669486697303e-09
8.302795381853703e-09
1.143674976494706e-08
1.575096446230431e-08
2.167983994947960e-08
2.982599967159511e-08
4.102242156688238e-08
5.639072430929954e-08
7.747326014769070e-08
1.063907709726143e-07
1.460310521850096e-07
2.003548182554796e-07
2.746807972343121e-07
3.764071604226107e-07
5.154860657015545e-07
7.054985912723531e-07
9.651525245999679e-07
1.319275872410175e-06
1.801979904102291e-06
2.459790076480759e-06
3.355258010350638e-06
4.573011491827556e-06
6.229613348928635e-06
8.477065087056977e-06
1.152625148400865e-05
1.565807123883995e-05
2.124989519716428e-05
2.881544823416843e-05
3.902926267328489e-05
5.280478592081684e-05
7.137671684165978e-05
9.638004617210307e-05
1.299602727770495e-04
1.750106033445684e-04
2.353409430800584e-04
3.160911797031464e-04
4.238256186029246e-04
5.674465583475929e-04
7.585324024055401e-04
1.012167548947277e-03
1.348411901124361e-03
1.792179458342004e-03
2.377006024019010e-03
3.146464844460150e-03
4.155254143750683e-03
5.474603246673464e-03
7.191941469420402e-03
9.420410968084823e-03
1.230514445992326e-02
1.601986917595383e-02
2.078162621018892e-02
2.685171722254096e-02
3.455535587350586e-02
4.427559329369218e-02
5.645470293355992e-02
7.160216759203535e-02
9.030280915479716e-02
1.131607649777801e-01
1.408525616483060e-01
1.740144201732182e-01
2.132377158701514e-01
2.589529418461901e-01
3.113639412552861e-01
3.703719073312515e-01
4.353989339072962e-01
5.053258036163906e-01
5.784236006338945e-01
6.524019354709770e-01
7.244370117903132e-01
7.915781262665033e-01
8.509653318722641e-01
9.003471187836385e-01
9.385496136107661e-01
9.656386565617185e-01
9.829193130498606e-01
9.926778022222129e-01
9.973887651508816e-01
9.992538706113389e-01
9.998330576196339e-01
9.999713055243541e-01
9.999963879452497e-01
9.999996865288237e-01
9.999999824186445e-01
9.999999993725628e-01
1.000000000085018e+00
###1.200000000000001e+01
5.229381925168062e-11
7.371100486907891e-11
1.035772311695775e-10
1.450950451708317e-10
2.020433721830702e-10
2.792526389522905e-10
3.859346636567000e-10
5.332135608862009e-10
7.365467389308687e-10
1.016860522934226e-09
1.403707045996165e-09
1.936617335926317e-09
2.671290627058483e-09
3.682946445586361e-09
5.076653763780970e-09
6.994839996493361e-09
9.633650130558755e-09
1.326126748083350e-08
1.825167436045706e-08
2.510495825679669e-08
3.451449005149299e-08
4.743804778416647e-08
6.516387702946140e-08
8.946220502960966e-08
1.227651785227403e-07
1.683816585586573e-07
2.308460696230078e-07
3.162406925367495e-07
4.330206527718089e-07
5.925470152512404e-07
8.103093843608797e-07
1.107627842699146e-06
1.512757466703440e-06
2.064487642594461e-06
2.815673356741413e-06
3.837289890814257e-06
5.225258249168958e-06
7.111578772634247e-06
9.668094336905679e-06
1.313304561456924e-05
1.782332018307393e-05
2.416409351913624e-05
3.273358321085056e-05
4.429000734807228e-05
5.985743936452989e-05
8.082087006870574e-05
1.090087763097934e-04
1.468206786839315e-04
1.974814892486768e-04
2.652350592584485e-04
3.557991147468549e-04
4.764555469924326e-04
6.370700776527831e-04
8.504464705382001e-04
1.133229203659260e-03
1.507518002042942e-03
2.000669569159487e-03
2.649455321618157e-03
3.501539993515667e-03
4.616561638000371e-03
6.072027013825634e-03
7.962658483942366e-03
1.041088731523998e-02
1.357269564420502e-02
1.763496089078807e-02
2.282874961274664e-02
2.943231078723739e-02
3.778969323530161e-02
4.830233229342160e-02
6.143183185475652e-02
7.770684580964650e-02
9.772362783257750e-02
1.220915951783266e-01
1.514833366120059e-01
1.865122918654880e-01
2.277261478237246e-01
2.754829006837274e-01
3.298829494250470e-01
3.906936281597859e-01
4.571742055395138e-01
5.280278384008494e-01
6.013502990819019e-01
6.747182177546200e-01
7.452455620629850e-01
8.100279270369368e-01
8.663832318208596e-01
9.123586816713894e-01
9.471574494426030e-01
9.712186039418971e-01
9.861363019423233e-01
9.942713436519893e-01
9.980442318586327e-01
9.994696899656446e-01
9.998884426380781e-01
9.999821190514826e-01
9.999979236614699e-01
9.999998357324126e-01
9.999999917247717e-01
9.999999997369976e-01
1.000000000086676e+00
###1.240000000000001e+01
6.102916434130693e-11
8.600314979086026e-11
1.208217002109891e-10
1.691981695323694e-10
2.355090130268269e-10
3.253357683468757e-10
4.493854810102114e-10
6.205438209219429e-10
8.567082283830185e-10
1.182088778400124e-09
1.630827770036096e-09
2.248700692564473e-09
3.099933213327020e-09
4.271350891465076e-09
5.884131756613946e-09
8.102395242042231e-09
1.115200863266056e-08
1.534150885565837e-08
2.110103216472602e-08
2.900502570982520e-08
3.984952857779367e-08
5.473341813402359e-08
7.513312893695286e-08
1.030760576879921e-07
1.413455241969314e-07
1.937247959907771e-07
2.653941426249023e-07
3.632944414677258e-07
4.970686087244438e-07
6.796592163469813e-07
9.286962530248256e-07
1.268427086179767e-06
1.730941837417858e-06
2.360260509440894e-06
3.216308364430351e-06
4.379458697529752e-06
5.958217903686645e-06
8.101775638755547e-06
1.100402820248951e-05
1.493359842596468e-05
2.024729469157749e-05
2.742323743999082e-05
3.711100130458349e-05
5.016119448828057e-05
6.772001990276861e-05
9.133793504018350e-05
1.230563521689635e-04
1.655533631494976e-04
2.224177773813625e-04
2.983681425407904e-04
3.997533744044599e-04
5.346374055721281e-04
7.139342117742285e-04
9.517776708036319e-04
1.266501800054218e-03
1.682410419270345e-03
2.229490222735597e-03
2.947989984019010e-03
3.889958571468205e-03
5.120306692424074e-03
6.723216330250577e-03
8.801130398370530e-03
1.148625129686328e-02
1.494599594357075e-02
1.938084738845416e-02
2.503645285955416e-02
3.220831576973233e-02
4.125954667871923e-02
5.260994371583907e-02
6.673964119797657e-02
8.419536329871280e-02
1.055825478864304e-01
1.315124248630145e-01
1.626490425634370e-01
1.995768441623141e-01
2.427922513054134e-01
2.925721585140652e-01
3.489048056183545e-01
4.114161945893933e-01
4.791985701498110e-01
5.507784872238177e-01
6.240888324623859e-01
6.965909262442245e-01
7.653671884693767e-01
8.275952891517727e-01
8.808032334703403e-01
9.233674543572926e-01
9.548624483550593e-01
9.760784239680529e-01
9.888464355060783e-01
9.955640820366225e-01
9.985528395306058e-01
9.996284121936200e-01
9.999266818798447e-01
9.999890728747745e-01
9.999988330446600e-01
9.999999161252829e-01
9.999999962179887e-01
9.999999998928282e-01
1.000000000088323e+00
###1.280000000000001e+01
7.105675685596785e-11
1.001101684342254e-10
1.406079704098562e-10
1.968453323181558e-10
2.738797347359517e-10
3.781463153458875e-10
5.220618324791721e-10
7.205191545823268e-10
9.941949021428388e-10
1.371036149804407e-09
1.890409039392874e-09
2.605181853781447e-09
3.589272253797021e-09
4.942677588820633e-09
6.804853335317439e-09
9.364505566356549e-09
1.288117757752250e-08
1.770907879975741e-08
2.434187684352263e-08
3.343805201160408e-08
4.590960228519827e-08
6.301466324039479e-08
8.644185495550600e-08
1.185083215960959e-07
1.623927476446117e-07
2.224120269689936e-07
3.044722907772184e-07
4.164783228908646e-07
5.694057081040812e-07
7.779694271446339e-07
1.062196057346972e-06
1.449608032845348e-06
1.976580315911599e-06
2.692972161541558e-06
3.666594290910158e-06
4.988288909914863e-06
6.780566389833172e-06
9.211727080746583e-06
1.250014241419576e-05
1.694813010036590e-05
2.295670757147551e-05
3.106255319070231e-05
4.199407414354105e-05
5.670373797234554e-05
7.647235538450128e-05
1.030323199479320e-04
1.386590062159719e-04
1.863356244741644e-04
2.500495482528899e-04
3.350378732591662e-04
4.483380057496812e-04
5.988648912004820e-04
7.986714100376512e-04
1.063333140047462e-03
1.413011067355698e-03
1.874387079268741e-03
2.480275008520386e-03
3.274654865107821e-03
4.314265562154230e-03
5.669635628660421e-03
7.432033038933909e-03
9.712056116483681e-03
1.265216899157613e-02
1.643179879868015e-02
2.126548579230255e-02
2.741396183211110e-02
3.519024462835312e-02
4.497664114154830e-02
5.721114028202397e-02
7.239155072794030e-02
9.108091504320773e-02
1.138916820865271e-01
1.414329442077122e-01
1.743551998272707e-01
2.132073090448100e-01
2.584265821925078e-01
3.102001676871420e-01
3.683957840299056e-01
4.324914704558697e-01
5.014098445808527e-01
5.735025281638886e-01
6.465594711537459e-01
7.179425144022373e-01
7.847364557691823e-01
8.442369545709767e-01
8.942146699799570e-01
9.333908555870535e-01
9.617077131680604e-01
9.802747380420024e-01
9.911078794832072e-01
9.966013073850793e-01
9.989423640516252e-01
9.997433938196636e-01
9.999526247429953e-01
9.999934531848529e-01
9.999993590222702e-01
9.999999582614358e-01
9.999999983280622e-01
9.999999999559794e-01
1.000000000091174e+00
###1.320000000000001e+01
8.254652528506180e-11
1.162708890785284e-10
1.632689574916340e-10
2.284994968554887e-10
3.177940918473007e-10
4.385562513497012e-10
6.051542797957200e-10
8.347641381216714e-10
1.151222390236069e-09
1.586721563484956e-09
2.186562407443529e-09
3.011656327548139e-09
4.146918847347605e-09
5.707269874907221e-09
7.852868742324394e-09
1.080024485436385e-08
1.484702504308822e-08
2.039903354166910e-08
2.802169500524896e-08
3.846829871230221e-08
5.278159925611800e-08
7.239919438692343e-08
9.924856024245524e-08
1.359727712133026e-07
1.861949167660336e-07
2.548311806129763e-07
3.486021993965784e-07
4.764931980907116e-07
6.509726506765510e-07
8.887388218876409e-07
1.212497626138390e-06
1.653430067018523e-06
2.252691229857738e-06
3.066649256743839e-06
4.171896314309727e-06
5.670919068476356e-06
7.701787309411048e-06
1.045401686231769e-05
1.417310226948116e-05
1.919867560946122e-05
2.598064149645951e-05
3.512035073832643e-05
4.743317668602887e-05
6.398373378696022e-05
8.620096209954553e-05
1.160170404562553e-04
1.559640139609821e-04
2.093588748169951e-04
2.806248524912883e-04
3.755647142067398e-04
5.019658143599210e-04
6.696678179674697e-04
8.919592400421472e-04
1.185976043709774e-03
1.573851848645793e-03
2.084830542771581e-03
2.754760242164439e-03
3.631618293295857e-03
4.777152719377721e-03
6.267866944640519e-03
8.202537726239459e-03
1.070035963800454e-02
1.391455441927726e-02
1.803711515287563e-02
2.329710290623294e-02
2.997075928743045e-02
3.838882489541501e-02
4.895283447843362e-02
6.211864915852978e-02
7.840061760160714e-02
9.837620132838917e-02
1.226622643937928e-01
1.518614778461394e-01
1.866053841717652e-01
2.274003337629341e-01
2.746164746504551e-01
3.283426333799880e-01
3.883181746777307e-01
4.538674956555478e-01
5.237428333187876e-01
5.961285107483386e-01
6.686836489916023e-01
7.386995146500356e-01
8.032951601968703e-01
8.599195780866302e-01
9.066142866090044e-01
9.424559128207497e-01
9.677427498651267e-01
9.838664961750530e-01
9.929765230396503e-01
9.974239890097968e-01
9.992367507242879e-01
9.998253970883350e-01
9.999699142561668e-01
9.999961556344752e-01
9.999996560272486e-01
9.999999797594527e-01
9.999999992864642e-01
9.999999999813816e-01
1.000000000094365e+00
###1.360000000000001e+01
9.568831361781382e-11
1.347514793431728e-10
1.891764244748144e-10
2.646774703292887e-10
3.679649398266157e-10
5.075381434473991e-10
6.999900927960097e-10
9.650889765010153e-10
1.330258217483945e-09
1.832505409747982e-09
2.523869628349909e-09
3.474345658719133e-09
4.781330021168517e-09
6.576615190594907e-09
9.043773111766032e-09
1.243076943363654e-08
1.707822882734587e-08
2.345021278418402e-08
3.219306489355929e-08
4.416686867275558e-08
6.056159854906482e-08
8.301675555241012e-08
1.137282793675447e-07
1.557053117697909e-07
2.130696920751501e-07
2.914096166849690e-07
3.983583025873284e-07
5.441102101624488e-07
7.428036692380856e-07
1.013352877409519e-06
1.381454742469439e-06
1.882371207916379e-06
2.562582182601725e-06
3.485700540740991e-06
4.738083492089217e-06
6.435151021757501e-06
8.732235768824066e-06
1.184237193426994e-05
1.604106904918528e-05
2.170922344874727e-05
2.935072420367063e-05
3.963824740685516e-05
5.348297155360460e-05
7.207282002643183e-05
9.699949830051061e-05
1.304142883388257e-04
1.751304027563208e-04
2.348295182505835e-04
3.144107899950317e-04
4.202932261235796e-04
5.610799813872107e-04
7.476140537104254e-04
9.945226774497502e-04
1.320628242047065e-03
1.750191147127776e-03
2.315211394039653e-03
3.054788606189776e-03
4.021175787632593e-03
5.281462060247038e-03
6.918529251736426e-03
9.038991072306476e-03
1.177118873800906e-02
1.527954853154734e-02
1.976922342034175e-02
2.548407631269370e-02
3.271654838585986e-02
4.181494292650244e-02
5.320014330002758e-02
6.734502234264726e-02
8.477979222084810e-02
1.060931920058556e-01
1.319043397002289e-01
1.628045636215763e-01
1.994006518313440e-01
2.421490983229987e-01
2.913448993302044e-01
3.469697566189823e-01
4.086273054522887e-01
4.754827898966496e-01
5.461189865497117e-01
6.185375142039433e-01
6.882778493866879e-01
7.586966647917599e-01
8.209628332212070e-01
8.745959607544684e-01
9.179979963424866e-01
9.505913227982237e-01
9.730188471413709e-01
9.869119031108592e-01
9.945045508566975e-01
9.980687486518426e-01
9.994561976072815e-01
9.998829635626647e-01
9.999812266007988e-01
9.999977878071736e-01
9.999998197311576e-01
9.999999904227193e-01
9.999999997103743e-01
9.999999999907312e-01
1.000000000097780e+00
###1.400000000000001e+01
1.106939703820356e-10
1.558488993999376e-10
2.187450374106106e-10
3.059555255536846e-10
4.251862506710904e-10
5.861755332059637e-10
8.080472277025659e-10
1.113508484415157e-09
1.534047468058968e-09
2.112124151253717e-09
2.907434714841730e-09
4.000160149030635e-09
5.501893304834442e-09
7.563457725170491e-09
1.039485730063038e-08
1.427952171438153e-08
1.960654713011398e-08
2.690560157193998e-08
3.691413986087449e-08
5.061235940852303e-08
6.935572956148091e-08
9.501056679810908e-08
1.300740971737478e-07
1.779659889127872e-07
2.433670038500083e-07
3.326177705465716e-07
4.543724709419568e-07
6.201770344241409e-07
8.460346859174239e-07
1.153332105658726e-06
1.571100241341181e-06
2.139146599026248e-06
2.909874251051903e-06
3.954948449916058e-06
5.371569953350142e-06
7.289503499905671e-06
9.883207890822936e-06
1.339175243652249e-05
1.812381621364263e-05
2.450586525312660e-05
3.310132058657458e-05
4.466141373677639e-05
6.020272273863468e-05
8.104857578855910e-05
1.089692694267328e-04
1.463560691410760e-04
1.963297532226151e-04
2.629699536390456e-04
3.516947587601854e-04
4.695936150609060e-04
6.261559094402991e-04
8.333117685207641e-04
1.107136822642043e-03
1.468273545289006e-03
1.943271987188922e-03
2.567092782381327e-03
3.382314446648112e-03
4.445756160155237e-03
5.830193222225991e-03
7.625223501036880e-03
9.945862726318330e-03
1.292992237954016e-02
1.675354780093902e-02
2.163565886948227e-02
2.783535080318169e-02
3.566127005923265e-02
4.547967477101613e-02
5.773033164501205e-02
7.290279054217287e-02
9.154092132801653e-02
1.142433278144820e-01
1.416270256456154e-01
1.742674010182520e-01
2.127403071090253e-01
2.574449941876830e-01
3.085927337333537e-01
3.660502816848218e-01
4.292788268378910e-01
4.972816785360341e-01
5.684743273421973e-01
6.406854840290944e-01
7.099712448230030e-01
7.779584656071733e-01
8.377133076702781e-01
8.880914204893517e-01
9.283880438807667e-01
9.578438263030256e-01
9.775955114807577e-01
9.894711038847761e-01
9.957413749960079e-01
9.985681578728272e-01
9.996175629617107e-01
9.999227373340241e-01
9.999884921401905e-01
9.999987529770931e-01
9.999999077475575e-01
9.999999955813829e-01
9.999999998884946e-01
9.999999999950312e-01
1.000000000100360e+00
###1.440000000000001e+01
1.277996132102311e-10
1.798940666632923e-10
2.524367634423567e-10
3.529754718372933e-10
4.903422238778911e-10
6.756741536791001e-10
9.309696149931352e-10
1.282262487275880e-09
1.765640173523139e-09
2.429727117644654e-09
3.342831148831176e-09
4.596765491444655e-09
6.319018282584027e-09
8.681919995272531e-09
1.192527215639943e-08
1.637245016804321e-08
2.246711181487304e-08
3.081272236092999e-08
4.224917204918879e-08
5.789155448949180e-08
7.928111879292338e-08
1.085385606411423e-07
1.484987929341814e-07
2.030411808870422e-07
2.774719417994821e-07
3.789728252406185e-07
5.173390653141541e-07
7.056246115247684e-07
9.619120906051031e-07
1.310343588850922e-06
1.783661144534960e-06
2.426710698981933e-06
3.298527900959061e-06
4.479662912628549e-06
6.079358894418624e-06
8.243269246588328e-06
1.116701481951410e-05
1.511844734279020e-05
2.044285263233101e-05
2.761695410979159e-05
3.726973542937157e-05
5.023883220077480e-05
6.765662461180072e-05
9.099493781319440e-05
1.222197532884206e-04
1.639848612144243e-04
2.197470217650977e-04
2.940195950416125e-04
3.927857124747280e-04
5.238632699281635e-04
6.977030994325557e-04
9.274116899050334e-04
1.230629583252890e-03
1.629960863379544e-03
2.154417050452121e-03
2.842134528745510e-03
3.739408225830832e-03
4.907926147148254e-03
6.426506611102603e-03
8.391853344863864e-03
1.092783310822411e-02
1.418217769067211e-02
1.834329326549944e-02
2.364423184418901e-02
3.035979977051397e-02
3.881508454504248e-02
4.939423189135873e-02
6.255554656288516e-02
7.880430843921490e-02
9.869634294303319e-02
1.228372706837093e-01
1.518383332774965e-01
1.862536286563971e-01
2.266216249932953e-01
2.732766706569862e-01
3.263381776593312e-01
3.855503975700149e-01
4.502267599661305e-01
5.192081579712606e-01
5.907482514328886e-01
6.625336915929845e-01
7.309771552632753e-01
7.964931458233934e-01
8.535402554949879e-01
9.008253187718815e-01
9.378121110396063e-01
9.642666315067372e-01
9.815346721472921e-01
9.916027203390557e-01
9.967321929200496e-01
9.989505141801610e-01
9.997345908016121e-01
9.999497858561865e-01
9.999930721923855e-01
9.999993116906812e-01
9.999999538950617e-01
9.999999980190821e-01
9.999999999577658e-01
9.999999999978374e-01
1.000000000101534e+00
###1.480000000000001e+01
1.472681809234025e-10
2.072553347015925e-10
2.907657053632078e-10
4.064513509037853e-10
5.644157939996192e-10
7.773742389199506e-10
1.070583720534335e-09
1.473838357848017e-09
2.028421777523562e-09
2.789917585713857e-09
3.836354311131261e-09
5.272657003625727e-09
7.244234299740368e-09
9.947635521058580e-09
1.365620499816592e-08
1.873824641873657e-08
2.569874565715013e-08
3.522405859947093e-08
4.826907751864422e-08
6.610018153682014e-08
9.046809521734218e-08
1.237747227553029e-07
1.692365950656037e-07
2.312459045013905e-07
3.158078036798655e-07
4.310431431126934e-07
5.880202209620973e-07
8.014735845759961e-07
1.091801794225312e-06
1.486212778200704e-06
2.021573364445263e-06
2.748242314250740e-06
3.732868266291713e-06
5.065596152229247e-06
6.869088290744719e-06
9.306576207240843e-06
1.259738052444080e-05
1.704017653622281e-05
2.302155003752161e-05
3.107326692149726e-05
4.189641942982318e-05
5.642355805590653e-05
7.591413085964523e-05
1.020026134362922e-04
1.368691155500376e-04
1.834542555714840e-04
2.455813294824551e-04
3.282358368699022e-04
4.380153300221304e-04
5.835281638315689e-04
7.762668563875023e-04
1.030609099521464e-03
1.365883972072845e-03
1.806806787511933e-03
2.385031492341980e-03
3.142096071360293e-03
4.128259466724464e-03
5.410393056235416e-03
7.073726821387754e-03
9.222468720273881e-03
1.198979245513292e-02
1.553379715990071e-02
2.005563032648375e-02
2.580296274299944e-02
3.306662170693477e-02
4.218830251497971e-02
5.356988671408813e-02
6.768771137685664e-02
8.506161115353511e-02
1.062574266990634e-01
1.318846185109485e-01
1.625414405416103e-01
1.987646410945632e-01
2.410388881273851e-01
2.896291056464803e-01
3.445548516873514e-01
4.054308860289694e-01
4.714187242469995e-01
5.411978920917944e-01
6.128681730679596e-01
6.839925387852263e-01
7.512612044021246e-01
8.142323984379550e-01
8.684229518458082e-01
9.125596614013842e-01
9.463179423089927e-01
9.699156475130470e-01
9.848990143380436e-01
9.933620114393826e-01
9.975180416874047e-01
9.992397442817664e-01
9.998183030334588e-01
9.999678801620958e-01
9.999959063377740e-01
9.999996280163004e-01
9.999999775319376e-01
9.999999991278681e-01
9.999999999868792e-01
9.999999999984421e-01
1.000000000102790e+00
###1.520000000000001e+01
1.693923578796086e-10
2.383423015938188e-10
3.343034260078318e-10
4.671767233278451e-10
6.484996006137578e-10
8.927641132192315e-10
1.228916808781889e-09
1.690995600380866e-09
2.326146295520397e-09
3.197797426813241e-09
4.394946404786597e-09
6.037240273881125e-09
8.290298959995295e-09
1.137789366491631e-08
1.561107393942117e-08
2.140860473335644e-08
2.934430916966708e-08
4.019751772903868e-08
5.505205402474372e-08
7.534373488742450e-08
1.030579035176003e-07
1.409105397068716e-07
1.925451189656560e-07
2.629263937320624e-07
3.588395137287171e-07
4.894524448259753e-07
6.672518339807512e-07
9.088426955346239e-07
1.237199721821879e-06
1.682937375063594e-06
2.287501091408149e-06
3.107374859482034e-06
4.217618001093903e-06
5.719022618731509e-06
7.749082238892897e-06
1.049045283437813e-05
1.418863958454545e-05
1.917619868917173e-05
2.588528252502221e-05
3.490818275253551e-05
4.702519673465714e-05
6.327300852726618e-05
8.505032083853861e-05
1.141695427235606e-04
1.530447901239469e-04
2.049296815120406e-04
2.740468645334992e-04
3.658951695480364e-04
4.877393853071044e-04
6.490445247887091e-04
8.624302835548821e-04
1.143646217477889e-03
1.513840922636034e-03
1.999998872657682e-03
2.636606702892336e-03
3.468840684570756e-03
4.551180965172952e-03
5.956009572561697e-03
7.775346837887948e-03
1.012131105266579e-02
1.313684370547469e-02
1.699085230897398e-02
2.189769355997309e-02
2.812010849489650e-02
3.596520833359199e-02
4.579137490069631e-02
5.801794793924123e-02
7.313876905574586e-02
9.168634535876233e-02
1.142348808302196e-01
1.413938968573378e-01
1.737442096765711e-01
2.117995923646100e-01
2.559837960724086e-01
3.064841053459839e-01
3.632128734305186e-01
4.256490269422529e-01
4.927993340494369e-01
5.631847461671198e-01
6.347617024532470e-01
7.049959210512451e-01
7.707856672520176e-01
8.311213193414047e-01
8.823428728285506e-01
9.233107848066427e-01
9.539424637528340e-01
9.748469222015341e-01
9.877480487892427e-01
9.948001205870767e-01
9.981343995382531e-01
9.994558209306313e-01
9.998773270992645e-01
9.999797849645710e-01
9.999976263109105e-01
9.999998032331865e-01
9.999999893217367e-01
9.999999996239622e-01
9.999999999971020e-01
9.999999999989626e-01
1.000000000103703e+00
###1.560000000000001e+01
1.944966619905195e-10
2.736099188911530e-10
3.836845623756665e-10
5.360325477165210e-10
7.438059860415906e-10
1.023494621347195e-09
1.408216496519853e-09
1.936792251724897e-09
2.662971904256678e-09
3.659014985505221e-09
5.026326979435325e-09
6.900917360320652e-09
9.471313345908749e-09
1.299179350993793e-08
1.781573341121948e-08
2.441849676934804e-08
3.345106597052634e-08
4.579691693158466e-08
6.268422604846256e-08
8.573832093353584e-08
1.172067029038819e-07
1.601564944775732e-07
2.187073743144436e-07
2.984627746149477e-07
4.070771619640586e-07
5.548845358495806e-07
7.559497157769386e-07
1.028956819512351e-06
1.399742419082511e-06
1.902701259239418e-06
2.584354837098005e-06
3.507981957203931e-06
4.757927716089953e-06
6.446778324322448e-06
8.728401404991296e-06
1.180688949583927e-05
1.595657497748179e-05
2.154741356655260e-05
2.906156668238485e-05
3.915786408040738e-05
5.270349823146703e-05
7.084926036553959e-05
9.514627709169264e-05
1.276013748293425e-04
1.708840767935774e-04
2.285891525030918e-04
3.053738071476824e-04
4.072943192138474e-04
5.423391412085658e-04
7.209005260957903e-04
9.568163315808313e-04
1.267314646744937e-03
1.675502164607077e-03
2.210798970902697e-03
2.910724103148491e-03
3.824339711975046e-03
5.010614441190273e-03
6.547778543897586e-03
8.535032762142231e-03
1.109281754569300e-02
1.437430581594496e-02
1.855964549016866e-02
2.387685323881073e-02
3.060415349394074e-02
3.906514592734344e-02
4.963487967570410e-02
6.274975240021133e-02
7.892088495177710e-02
9.868992863986430e-02
1.226403722535682e-01
1.513726282244663e-01
1.854505628650311e-01
2.253572947805677e-01
2.714453036014271e-01
3.238204181288168e-01
3.822790511195580e-01
4.461589654499941e-01
5.143107001914464e-01
5.851014627186264e-01
6.563573910576586e-01
7.254723487899934e-01
7.895131041699629e-01
8.471179840923275e-01
8.952915042062314e-01
9.331030017776910e-01
9.607300006974520e-01
9.791187471899906e-01
9.901398536347008e-01
9.959642080290405e-01
9.986124639227205e-01
9.996152092973499e-01
9.999183389148082e-01
9.999874852984084e-01
9.999986497095523e-01
9.999998981551163e-01
9.999999950531098e-01
9.999999998404965e-01
1.000000000000283e+00
9.999999999993161e-01
1.000000000104315e+00
###1.600000000000001e+01
2.229415833530919e-10
3.135629943162617e-10
4.396131489422162e-10
6.139958041938621e-10
8.516789260571283e-10
1.171395022464559e-09
1.610972178800970e-09
2.214613693211353e-09
3.043499607412425e-09
4.179816972953630e-09
5.738914503861602e-09
7.875180377404780e-09
1.080284814448409e-08
1.481041328273853e-08
2.029870119790464e-08
2.780647380212782e-08
3.807108845182039e-08
5.209252488088070e-08
7.126036737975859e-08
9.741162749659614e-08
1.330863836906418e-07
1.817437710076997e-07
2.480340009851111e-07
3.382720053584082e-07
4.610798808131615e-07
6.280884424447787e-07
8.551136042077995e-07
1.163155722264959e-06
1.581218598620575e-06
2.147889523378697e-06
2.915310791984669e-06
3.954287508351185e-06
5.359409050444005e-06
7.256304920181063e-06
9.816900615334925e-06
1.326891586770527e-05
1.791838942454251e-05
2.417649017041090e-05
3.258021933878700e-05
4.386145689610681e-05
5.898261446178293e-05
7.921936934434081e-05
1.062894875611276e-04
1.424119722567729e-04
1.905347703146432e-04
2.546240468882973e-04
3.398092928959256e-04
4.527514277618009e-04
6.022227835655792e-04
7.996180124525763e-04
1.060089841171661e-03
1.402457767753623e-03
1.851932991896406e-03
2.440546368885677e-03
3.209058725296515e-03
4.210676271339715e-03
5.509133359019289e-03
7.188856499102140e-03
9.356626617499692e-03
1.214162259580225e-02
1.570771280858563e-02
2.024670518529797e-02
2.600070502517225e-02
3.326378900436102e-02
4.237618284815024e-02
5.372947453368285e-02
6.777657950626338e-02
8.504474564174801e-02
1.060831978670267e-01
1.314815892302247e-01
1.618271120449309e-01
1.976657804617225e-01
2.394297092168242e-01
2.874096062511234e-01
3.416136180753023e-01
4.017168884863402e-01
4.669119249264590e-01
5.358927812683297e-01
6.068802952542268e-01
6.775854290963614e-01
7.453558004958251e-01
8.074082938974905e-01
8.621921423411488e-01
9.072700065195028e-01
9.419678720384586e-01
9.667301728053207e-01
9.827904572620538e-01
9.921301325792458e-01
9.968972494508643e-01
9.989790772182808e-01
9.997312739609192e-01
9.999464151492977e-01
9.999923808441327e-01
9.999992466786799e-01
9.999999484203377e-01
9.999999977712346e-01
9.999999999320275e-01
1.000000000001996e+00
9.999999999994843e-01
1.000000000104792e+00
###1.640000000000001e+01
2.551267871105121e-10
3.587610823213993e-10
5.028693933952370e-10
7.021488557664185e-10
9.736067690704998e-10
1.338490280763785e-09
1.839938249647037e-09
2.528203919658260e-09
3.472815297782193e-09
4.767104956520554e-09
6.542069092268918e-09
8.972713138191814e-09
1.230207976049372e-08
1.685699234042954e-08
2.309140168959796e-08
3.161499266340689e-08
4.326169017502440e-08
5.916163773709102e-08
8.088466715208006e-08
1.105039413017396e-07
1.508856771619224e-07
2.059260410234148e-07
2.808656311557779e-07
3.828109868066943e-07
5.214599389068396e-07
7.098837172721886e-07
9.658313013536783e-07
1.312903239699477e-06
1.783581373661309e-06
2.421104532485661e-06
3.283831812192130e-06
4.450893053185616e-06
6.028170270328077e-06
8.155695869009919e-06
1.102528859527911e-05
1.489067809002702e-05
2.009274222025603e-05
2.708799405639433e-05
3.647352011337633e-05
4.906129774850737e-05
6.591795833593161e-05
8.845570220043192e-05
1.185742632513682e-04
1.587239337246128e-04
2.121558113268004e-04
2.832399136774784e-04
3.776184034595763e-04
5.026072619417201e-04
6.678268837647184e-04
8.857542524791168e-04
1.172959626087836e-03
1.549973173214688e-03
2.044265059385340e-03
2.690660937034480e-03
3.533382843628295e-03
4.630048866449324e-03
6.049446662821401e-03
7.882556836362310e-03
1.024414867724544e-02
1.327255850373391e-02
1.714281184014809e-02
2.205878002077543e-02
2.827705806029233e-02
3.610789404574428e-02
4.590819705348086e-02
5.808584975960048e-02
7.310958618149864e-02
9.152144663057239e-02
1.138763343129170e-01
1.407664255456577e-01
1.727621568947574e-01
2.103857814891948e-01
2.540104956933865e-01
3.038599724663814e-01
3.598360375016910e-01
4.214866427511924e-01
4.878559565941979e-01
5.574837747195885e-01
6.284534083445823e-01
6.983783126875690e-01
7.645859962435850e-01
8.244398976041171e-01
8.763243165866763e-01
9.182887363780846e-01
9.499435104232791e-01
9.719966489183115e-01
9.859212789278405e-01
9.937714505711812e-01
9.976373806865645e-01
9.992570216618731e-01
9.998146489983868e-01
9.999653465396627e-01
9.999954393678006e-01
9.999995878913168e-01
9.999999744516413e-01
9.999999990222025e-01
9.999999999712302e-01
1.000000000003149e+00
9.999999999996712e-01
1.000000000104996e+00
